BA,Local date,Time zone,Generation only?,DF,D,NG,TI,NG: COL,NG: NG,NG: NUC,NG: OIL,NG: WAT,NG: SUN,NG: WND,NG: OTH,NG: UNK,AZPS,IPCO,LDWP,NEVP,NWMT,PACW,WACM,CO2 Factor: COL,CO2 Factor: NG,CO2 Factor: OIL,CO2 Emissions: COL,CO2 Emissions: NG,CO2 Emissions: OIL,CO2 Emissions: Other,CO2 Emissions Generated,CO2 Emissions Imported,CO2 Emissions Exported,CO2 Emissions Consumed,Positive Generation,Consumed Electricity,CO2 Emissions Intensity for Generated Electricity,CO2 Emissions Intensity for Consumed Electricity
PACE,01Jul2015,Mountain,N,"178,302","176,857","149,023","-27,834",,,,,,,,,,"5,690","3,409","-3,301","1,379",33,"-18,436","-16,291",,,,,,,,,,,,,,,
PACE,02Jul2015,Mountain,N,"174,454","173,851","147,258","-26,593",,,,,,,,,,"5,479",135,"-5,416",757,386,"-10,882","-16,732",,,,,,,,,,,,,,,
PACE,03Jul2015,Mountain,N,"171,387","166,503","145,820","-20,683",,,,,,,,,,"7,357","2,623","-3,853","2,400","-1,084","-15,341","-12,457",,,,,,,,,,,,,,,
PACE,04Jul2015,Mountain,N,"158,123","156,233","140,788","-15,445",,,,,,,,,,"8,264","2,801","1,124","3,987",-835,"-18,390","-12,056",,,,,,,,,,,,,,,
PACE,05Jul2015,Mountain,N,"158,054","149,706","143,859","-5,847",,,,,,,,,,"6,994","5,096","3,531","3,202",254,"-16,306","-8,276",,,,,,,,,,,,,,,
PACE,06Jul2015,Mountain,N,"168,505","156,992","133,660","-23,332",,,,,,,,,,"6,049","2,952","-2,718","2,445",991,"-19,666","-12,997",,,,,,,,,,,,,,,
PACE,07Jul2015,Mountain,N,"163,571","154,661","131,706","-22,955",,,,,,,,,,"7,119","4,145","-4,904","2,975","-1,901","-16,338","-13,646",,,,,,,,,,,,,,,
PACE,08Jul2015,Mountain,N,"159,210","148,165","131,185","-16,980",,,,,,,,,,"7,258","4,073","-2,630","2,709",361,"-16,748","-11,609",,,,,,,,,,,,,,,
PACE,09Jul2015,Mountain,N,"155,228","144,960","134,875","-10,085",,,,,,,,,,"7,809","5,094","-1,029","3,553","1,308","-16,399","-10,017",,,,,,,,,,,,,,,
PACE,10Jul2015,Mountain,N,"150,400","140,195","130,981","-9,214",,,,,,,,,,"8,336","6,139","2,186","2,704",-839,"-23,005","-4,325",,,,,,,,,,,,,,,
PACE,11Jul2015,Mountain,N,"150,634","139,108","138,699",-409,,,,,,,,,,"9,335","7,828","3,185","3,572",-936,"-20,511","-2,495",,,,,,,,,,,,,,,
PACE,12Jul2015,Mountain,N,"149,674","142,101","143,191","1,090",,,,,,,,,,"9,835","8,080","4,252","3,805","-2,743","-21,195",-584,,,,,,,,,,,,,,,
PACE,13Jul2015,Mountain,N,"161,676","155,175","136,836","-18,339",,,,,,,,,,"9,462","4,604",-567,"3,010","-3,486","-23,641","-10,109",,,,,,,,,,,,,,,
PACE,14Jul2015,Mountain,N,"157,616","156,377","124,946","-31,431",,,,,,,,,,,,,,,,,,,,,,,,,,,,,,,
PACE,15Jul2015,Mountain,N,"158,483","158,483","125,049",,,,,,,,,,,,,,,,,,,,,,,,,,,,,,,,
PACE,16Jul2015,Mountain,N,,,,,,,,,,,,,,,,,,,,,,,,,,,,,,,,,,,
PACE,17Jul2015,Mountain,N,,,,,,,,,,,,,,,,,,,,,,,,,,,,,,,,,,,
PACE,18Jul2015,Mountain,N,,,,,,,,,,,,,,,,,,,,,,,,,,,,,,,,,,,
PACE,19Jul2015,Mountain,N,,,,,,,,,,,,,,,,,,,,,,,,,,,,,,,,,,,
PACE,20Jul2015,Mountain,N,,,,,,,,,,,,,,,,,,,,,,,,,,,,,,,,,,,
PACE,21Jul2015,Mountain,N,,,,,,,,,,,,,,,,,,,,,,,,,,,,,,,,,,,
PACE,22Jul2015,Mountain,N,,,,,,,,,,,,,,"7,965","6,922","2,308","4,472","-1,915","-25,886","-11,638",,,,,,,,,,,,,,,
PACE,23Jul2015,Mountain,N,,"151,110","144,454","-6,656",,,,,,,,,,"9,214","7,862","2,922","5,583","-1,207","-30,403",-518,,,,,,,,,,,,,,,
PACE,24Jul2015,Mountain,N,"145,521","148,339","135,435","-12,904",,,,,,,,,,"9,625","7,216","3,341","4,972","-3,617","-30,669","-6,824",,,,,,,,,,,,,,,
PACE,25Jul2015,Mountain,N,"144,117","144,383","136,980","-7,403",,,,,,,,,,"10,368","6,711","2,295","4,452","-4,191","-26,870",356,,,,,,,,,,,,,,,
PACE,26Jul2015,Mountain,N,"142,894","142,894","136,723",,,,,,,,,,,"9,189","6,531",32,"3,913","-3,540","-26,945","-3,349",,,,,,,,,,,,,,,
PACE,27Jul2015,Mountain,N,"149,731","149,358","171,337","-1,447",,,,,,,,,,"9,193","7,540","3,746","4,857","-1,704","-22,569","-7,861",,,,,,,,,,,,,,,
PACE,28Jul2015,Mountain,N,"146,034","146,436","168,902",-111,,,,,,,,,,"9,787","7,170","3,570","6,370","-1,612","-18,790","-6,022",,,,,,,,,,,,,,,
PACE,29Jul2015,Mountain,N,"147,817","146,955","154,283","-15,657",,,,,,,,,,"4,619","6,139",-304,"5,391",-622,"-19,146","-17,673",,,,,,,,,,,,,,,
PACE,30Jul2015,Mountain,N,"149,596","149,151","138,659","-10,492",,,,,,,,,,"7,454","8,021","1,303","4,277",-220,"-20,490","-16,754",,,,,,,,,,,,,,,
PACE,31Jul2015,Mountain,N,"152,312","149,850","146,416","-3,434",,,,,,,,,,"9,117","7,164",502,"5,325",938,"-18,332","-14,099",,,,,,,,,,,,,,,
PACE,01Aug2015,Mountain,N,"147,746","147,440","144,247","-3,193",,,,,,,,,,"9,810","6,970","1,611","5,086",-194,"-18,783","-13,596",,,,,,,,,,,,,,,
PACE,02Aug2015,Mountain,N,"145,040","145,040","144,638",,,,,,,,,,,"9,827","7,836","3,306","5,014",-785,"-22,278","-11,123",,,,,,,,,,,,,,,
PACE,03Aug2015,Mountain,N,"156,174","147,412","171,501","-3,130",,,,,,,,,,"11,157","6,508","3,268","6,699","-1,869","-18,155","-10,619",,,,,,,,,,,,,,,
PACE,04Aug2015,Mountain,N,"151,638","154,403","176,372","-5,072",,,,,,,,,,"12,058","6,506","3,917","6,636","-3,612","-21,395","-8,832",,,,,,,,,,,,,,,
PACE,05Aug2015,Mountain,N,"153,669","145,777","144,102","-1,958",,,,,,,,,,"8,494","7,674","2,280","6,557","-5,064","-21,154","-6,741",,,,,,,,,,,,,,,
PACE,06Aug2015,Mountain,N,"148,400","151,262","137,866","-13,396",,,,,,,,,,"1,574","10,548","1,887","6,024","-4,610","-21,970","-6,508",,,,,,,,,,,,,,,
PACE,07Aug2015,Mountain,N,"142,785","146,852","129,544","-17,308",,,,,,,,,,262,"8,336","1,783","5,067","-3,071","-17,280","-12,006",,,,,,,,,,,,,,,
PACE,08Aug2015,Mountain,N,"138,718","137,334","136,654",-680,,,,,,,,,,"2,874","9,011","3,740","6,843","-1,294","-13,440","-8,025",,,,,,,,,,,,,,,
PACE,09Aug2015,Mountain,N,"135,825","135,825","137,457",,,,,,,,,,,"6,157","8,542","2,931","5,677","-1,809","-14,737","-6,265",,,,,,,,,,,,,,,
PACE,10Aug2015,Mountain,N,"147,251","155,885","177,857","-8,098",,,,,,,,,,"10,173","7,037",778,"2,744","-2,047","-18,644","-7,778",,,,,,,,,,,,,,,
PACE,11Aug2015,Mountain,N,"154,221","159,576","173,191",,,,,,,,,,,"8,887","5,109",865,"1,605",-344,"-17,532","-78,365",,,,,,,,,,,,,,,
PACE,12Aug2015,Mountain,N,"155,169","160,108","175,657","-15,776",,,,,,,,,,"9,642","3,934",-296,"2,636","-1,393","-14,710","-15,201",,,,,,,,,,,,,,,
PACE,13Aug2015,Mountain,N,"156,405","166,863","146,479",,,,,,,,,,,"10,189","5,552",-119,"3,444","-3,820","-16,674","-81,958",,,,,,,,,,,,,,,
PACE,14Aug2015,Mountain,N,"155,102","168,299","149,243","-19,056",,,,,,,,,,"12,352","4,045",110,"3,378","-4,273","-22,309","-12,033",,,,,,,,,,,,,,,
PACE,15Aug2015,Mountain,N,"147,921","160,559","149,712","-10,847",,,,,,,,,,"11,670","5,364","1,160","6,975","-3,604","-22,078","-10,018",,,,,,,,,,,,,,,
PACE,16Aug2015,Mountain,N,"144,562","149,538","146,036","-3,502",,,,,,,,,,"10,786","8,756","3,373","7,227","-4,273","-18,007","-11,058",,,,,,,,,,,,,,,
PACE,17Aug2015,Mountain,N,"153,155","155,201","144,068","-11,133",,,,,,,,,,"7,500","9,436","2,410","4,190","-3,188","-17,043","-14,200",,,,,,,,,,,,,,,
PACE,18Aug2015,Mountain,N,"143,678","149,981","133,368","-16,613",,,,,,,,,,"5,654","6,834",-518,"4,611","-2,064","-12,447","-18,366",,,,,,,,,,,,,,,
PACE,19Aug2015,Mountain,N,"146,335","146,335","132,851",,,,,,,,,,,"5,213","6,849",940,"4,732","-1,469","-12,177","-19,750",,,,,,,,,,,,,,,
PACE,20Aug2015,Mountain,N,"150,130","152,666","165,221","-15,856",,,,,,,,,,"8,151","5,722","2,052","6,651","-3,617","-19,884","-14,581",,,,,,,,,,,,,,,
PACE,21Aug2015,Mountain,N,"152,520","159,936","149,713",,,,,,,,,,,"9,270","10,465","1,014","8,369","-1,771","-20,497","-76,783",,,,,,,,,,,,,,,
PACE,22Aug2015,Mountain,N,"140,787","144,091","149,840","5,749",,,,,,,,,,"10,540","10,477","4,754","7,980","-2,266","-16,220","-9,178",,,,,,,,,,,,,,,
PACE,23Aug2015,Mountain,N,"137,565","142,416","143,910","1,494",,,,,,,,,,"11,170","9,006","6,683","8,948","-2,874","-18,599","-12,495",,,,,,,,,,,,,,,
PACE,24Aug2015,Mountain,N,"149,783","162,051","147,882","-14,169",,,,,,,,,,"10,734","7,759","3,240","6,131","-3,488","-24,509","-13,717",,,,,,,,,,,,,,,
PACE,25Aug2015,Mountain,N,"152,938","163,042","145,431","-17,611",,,,,,,,,,"9,680","7,150","2,380","3,839","-3,276","-24,237","-12,786",,,,,,,,,,,,,,,
PACE,26Aug2015,Mountain,N,"146,043","153,791","147,578","-6,213",,,,,,,,,,"8,522","9,092","3,297","5,648","-1,731","-21,558","-9,127",,,,,,,,,,,,,,,
PACE,27Aug2015,Mountain,N,"144,312","156,011","147,067","-8,944",,,,,,,,,,"5,573","8,792","5,019","6,555","-2,078","-21,039","-11,383",,,,,,,,,,,,,,,
PACE,28Aug2015,Mountain,N,"147,301","154,745","146,704","-8,041",,,,,,,,,,"7,926","10,792","5,373","7,468","-3,710","-25,705","-9,829",,,,,,,,,,,,,,,
PACE,29Aug2015,Mountain,N,"149,903","159,703","157,251","-2,452",,,,,,,,,,"11,140","12,571","4,974","7,763","-2,571","-26,691","-9,311",,,,,,,,,,,,,,,
PACE,30Aug2015,Mountain,N,"141,416","149,785","150,164",379,,,,,,,,,,"11,103","12,938","5,470","7,875","-1,182","-27,898","-7,590",,,,,,,,,,,,,,,
PACE,31Aug2015,Mountain,N,"149,059","154,942","151,169","-3,773",,,,,,,,,,"10,789","10,829","4,394","7,920","-3,286","-25,604","-8,458",,,,,,,,,,,,,,,
PACE,01Sep2015,Mountain,N,"149,692","162,397","159,490","-2,907",,,,,,,,,,"9,930","11,499","4,233","6,753","-2,324","-25,258","-7,398",,,,,,,,,,,,,,,
PACE,02Sep2015,Mountain,N,"150,718","168,162","166,835","-1,327",,,,,,,,,,"9,791","12,789","5,606","6,886","-2,698","-27,881","-5,459",,,,,,,,,,,,,,,
PACE,03Sep2015,Mountain,N,"150,114","157,748","151,508","-6,240",,,,,,,,,,"8,697","5,203","3,765","5,987","-1,751","-18,086","-9,680",,,,,,,,,,,,,,,
PACE,04Sep2015,Mountain,N,"144,628","144,628","152,174",,,,,,,,,,,"9,333","8,540","4,623","6,884","-2,053","-21,075","-5,159",,,,,,,,,,,,,,,
PACE,05Sep2015,Mountain,N,"134,882","135,783","175,542","14,245",,,,,,,,,,"11,726","8,815","5,692","6,286","-2,514","-12,073","-3,266",,,,,,,,,,,,,,,
PACE,06Sep2015,Mountain,N,"127,079","127,079","175,966",,,,,,,,,,,"14,676","8,452","6,997","9,217","-5,380","-10,695","-67,936",,,,,,,,,,,,,,,
PACE,07Sep2015,Mountain,N,"125,927","133,538","180,904","19,932",,,,,,,,,,"15,267","9,305","6,203","10,136","-4,619","-14,006","-1,960",,,,,,,,,,,,,,,
PACE,08Sep2015,Mountain,N,"140,684","142,704","155,184",,,,,,,,,,,"14,775","9,165","5,006","9,749","-3,990","-17,681","-68,428",,,,,,,,,,,,,,,
PACE,09Sep2015,Mountain,N,"141,210","144,523","152,555","8,032",,,,,,,,,,"12,209","8,918","5,895","9,061","-2,754","-17,230","-7,684",,,,,,,,,,,,,,,
PACE,10Sep2015,Mountain,N,"141,083","146,384","143,839","-2,545",,,,,,,,,,"4,108","7,183","5,601","8,563","-4,156","-16,983","-6,488",,,,,,,,,,,,,,,
PACE,11Sep2015,Mountain,N,"140,859","146,451","139,834","-6,617",,,,,,,,,,"3,578","5,471","4,513","7,053","-4,207","-17,359","-5,301",,,,,,,,,,,,,,,
PACE,12Sep2015,Mountain,N,"132,694","138,575","133,527","-5,048",,,,,,,,,,"5,563","5,111","3,794","8,331","-5,003","-15,840","-6,646",,,,,,,,,,,,,,,
PACE,13Sep2015,Mountain,N,"131,398","131,398","134,116",,,,,,,,,,,"12,399","10,422","5,673","8,448","-6,069","-19,315","-1,038",,,,,,,,,,,,,,,
PACE,14Sep2015,Mountain,N,"140,147","142,118","180,346","10,094",,,,,,,,,,"11,497","9,107","5,647","7,979","-4,640","-19,832",715,,,,,,,,,,,,,,,
PACE,15Sep2015,Mountain,N,"133,831","133,831","180,730",,,,,,,,,,,"12,162","9,302","6,960","8,519","-2,619","-21,321","4,837",,,,,,,,,,,,,,,
PACE,16Sep2015,Mountain,N,"128,547","129,171","154,302","10,590",,,,,,,,,,"10,449","9,605","6,360","6,288","-2,433","-20,231",909,,,,,,,,,,,,,,,
PACE,17Sep2015,Mountain,N,"126,458","133,311","156,534",,,,,,,,,,,"12,785","7,510","5,262","6,887","-2,646","-21,793","-2,416",,,,,,,,,,,,,,,
PACE,18Sep2015,Mountain,N,"123,782","125,347","132,775",,,,,,,,,,,"13,431","6,076","4,162","8,376","-5,505","-21,943","-194,902",,,,,,,,,,,,,,,
PACE,19Sep2015,Mountain,N,"119,843","115,162","119,917","4,755",,,,,,,,,,"11,810","5,187","4,176","7,809","-5,481","-24,514","6,135",,,,,,,,,,,,,,,
PACE,20Sep2015,Mountain,N,"122,164","118,020","119,038","1,018",,,,,,,,,,"10,203","6,053","6,229","7,373","-4,777","-25,613","1,892",,,,,,,,,,,,,,,
PACE,21Sep2015,Mountain,N,"132,555","132,555","119,505",,,,,,,,,,,"8,587","3,922","3,353","5,682","-4,233","-23,039","-3,356",,,,,,,,,,,,,,,
PACE,22Sep2015,Mountain,N,"133,381","141,772","150,660","-14,679",,,,,,,,,,"8,512","3,322","1,095","4,813","-5,331","-24,118","-2,661",,,,,,,,,,,,,,,
PACE,23Sep2015,Mountain,N,"136,988","143,052","157,691","-10,682",,,,,,,,,,"8,986","4,193",614,"4,977","-3,992","-23,918","-1,291",,,,,,,,,,,,,,,
PACE,24Sep2015,Mountain,N,"138,414","140,128","131,541","-10,511",,,,,,,,,,"9,576","3,437",998,"6,141","-4,317","-24,705","-1,416",,,,,,,,,,,,,,,
PACE,25Sep2015,Mountain,N,"137,191","145,729","137,537","-8,192",,,,,,,,,,"8,644","4,902","2,877","7,611","-3,046","-25,645","-3,194",,,,,,,,,,,,,,,
PACE,26Sep2015,Mountain,N,"134,554","140,571","135,716","-4,855",,,,,,,,,,"9,117","4,380","5,742","7,507","-3,875","-23,814","-3,568",,,,,,,,,,,,,,,
PACE,27Sep2015,Mountain,N,"131,214","137,077","127,114","-9,963",,,,,,,,,,"8,711","3,961","4,788","5,683","-3,263","-22,823","-6,662",,,,,,,,,,,,,,,
PACE,28Sep2015,Mountain,N,"136,511","136,511","127,471",,,,,,,,,,,"8,625","4,050","3,959","5,409","-3,648","-25,255","-8,520",,,,,,,,,,,,,,,
PACE,29Sep2015,Mountain,N,"137,002","143,471","154,531","-12,692",,,,,,,,,,"9,331","3,980","4,009","5,473","-4,125","-22,031","-8,972",,,,,,,,,,,,,,,
PACE,30Sep2015,Mountain,N,"140,541","147,957","136,474","-11,239",,,,,,,,,,"9,433","4,301","4,259","6,348","-3,449","-21,757","-10,015",,,,,,,,,,,,,,,
PACE,01Oct2015,Mountain,N,"135,779","145,805","127,070","-18,735",,,,,,,,,,"8,701","4,380","4,566","4,535","-3,934","-23,704","-12,924",,,,,,,,,,,,,,,
PACE,02Oct2015,Mountain,N,"125,935","133,221","122,318","-10,903",,,,,,,,,,"7,669","6,744","5,793","6,184","-2,540","-22,184","-12,148",,,,,,,,,,,,,,,
PACE,03Oct2015,Mountain,N,"116,824","124,789","120,542","-4,247",,,,,,,,,,"8,952","5,284","6,096","7,313","-3,264","-16,517","-11,651",,,,,,,,,,,,,,,
PACE,04Oct2015,Mountain,N,"114,430","123,756","120,620","-3,136",,,,,,,,,,"8,893","6,012","4,907","7,269","-1,259","-17,954","-10,562",,,,,,,,,,,,,,,
PACE,05Oct2015,Mountain,N,"122,168","132,735","121,605","-11,130",,,,,,,,,,"7,768","5,757","5,296","5,647","-3,142","-20,277","-11,725",,,,,,,,,,,,,,,
PACE,06Oct2015,Mountain,N,"124,096","131,591","120,807","-10,784",,,,,,,,,,"7,791","5,499","4,843","5,637","-3,018","-19,756","-11,323",,,,,,,,,,,,,,,
PACE,07Oct2015,Mountain,N,"123,862","131,139","120,988","-10,151",,,,,,,,,,"6,990","6,568","6,365","5,025","-2,859","-21,526","-10,269",,,,,,,,,,,,,,,
PACE,08Oct2015,Mountain,N,"125,227","131,753","117,862","-13,891",,,,,,,,,,"5,763","5,075","6,181","4,155","-2,009","-20,441","-12,187",,,,,,,,,,,,,,,
PACE,09Oct2015,Mountain,N,"125,771","130,854","121,987","-8,867",,,,,,,,,,"5,288","6,268","7,343","5,896","-2,743","-23,594","-6,900",,,,,,,,,,,,,,,
PACE,10Oct2015,Mountain,N,"122,511","127,079","137,441","10,362",,,,,,,,,,"6,803","7,405","8,627","6,812","-5,138","-16,181","2,428",,,,,,,,,,,,,,,
PACE,11Oct2015,Mountain,N,"119,001","124,961","138,267","13,306",,,,,,,,,,"9,008","9,234","8,864","9,036","-4,049","-19,417","1,007",,,,,,,,,,,,,,,
PACE,12Oct2015,Mountain,N,"125,814","125,814","138,341",,,,,,,,,,,"8,329","6,336","9,307","9,113","-3,595","-21,574","-7,759",,,,,,,,,,,,,,,
PACE,13Oct2015,Mountain,N,"125,719","134,996","155,742",530,,,,,,,,,,"7,656","5,138","9,072","10,278","-1,752","-23,928","-5,543",,,,,,,,,,,,,,,
PACE,14Oct2015,Mountain,N,"129,751","129,751","156,212",,,,,,,,,,,"7,448","6,972","8,067","9,488","-3,485","-23,701","-6,571",,,,,,,,,,,,,,,
PACE,15Oct2015,Mountain,N,"126,634","132,607","127,360","-5,247",,,,,,,,,,"9,095","5,726","6,586","7,213","-3,022","-21,347","-9,107",,,,,,,,,,,,,,,
PACE,16Oct2015,Mountain,N,"125,060","130,262","127,581","-2,681",,,,,,,,,,"9,774","7,011","8,427","7,762","-2,821","-22,155","-10,264",,,,,,,,,,,,,,,
PACE,17Oct2015,Mountain,N,"120,191","123,801","124,805","1,004",,,,,,,,,,"11,431","6,268","8,337","8,058","-2,722","-22,829","-7,096",,,,,,,,,,,,,,,
PACE,18Oct2015,Mountain,N,"118,626","121,090","129,523","8,433",,,,,,,,,,"11,834","6,127","8,020","8,331","-2,293","-20,556","-2,571",,,,,,,,,,,,,,,
PACE,19Oct2015,Mountain,N,"123,351","126,515","119,885","-6,630",,,,,,,,,,"9,125","4,352","5,905","5,976","-3,632","-20,913","-6,977",,,,,,,,,,,,,,,
PACE,20Oct2015,Mountain,N,"123,284","126,257","118,127","-8,130",,,,,,,,,,"9,738","3,670","4,655","5,378","-5,493","-20,615","-4,973",,,,,,,,,,,,,,,
PACE,21Oct2015,Mountain,N,"121,472","126,495","115,627","-10,868",,,,,,,,,,"7,973","2,755","4,165","3,539","-5,854","-15,774","-7,181",,,,,,,,,,,,,,,
PACE,22Oct2015,Mountain,N,"122,594","121,993","114,862","-7,131",,,,,,,,,,"8,054","1,789","4,280","4,732","-7,244","-17,431",-826,,,,,,,,,,,,,,,
PACE,23Oct2015,Mountain,N,"121,970","120,684","120,005",-679,,,,,,,,,,"8,008","3,920","6,248","4,332","-6,014","-15,690","-1,001",,,,,,,,,,,,,,,
PACE,24Oct2015,Mountain,N,"117,237","116,169","121,913","5,744",,,,,,,,,,"8,326","2,785","6,454","4,400","-4,552","-6,255","-4,931",,,,,,,,,,,,,,,
PACE,25Oct2015,Mountain,N,"115,765","114,261","119,163","4,902",,,,,,,,,,"9,000","4,054","5,961","4,919","-4,594","-7,173","-6,765",,,,,,,,,,,,,,,
PACE,26Oct2015,Mountain,N,"123,615","127,158","126,641",-517,,,,,,,,,,"7,476","6,077","7,889","5,561","-3,408","-16,115","-7,514",,,,,,,,,,,,,,,
PACE,27Oct2015,Mountain,N,"121,987","129,210","120,963","-8,247",,,,,,,,,,"3,182","3,361","6,230","5,062","-3,930","-13,768","-7,938",,,,,,,,,,,,,,,
PACE,28Oct2015,Mountain,N,"122,035","130,979","115,438","-15,541",,,,,,,,,,"-1,379","-2,414","6,236","3,602","-3,837","-7,759","-9,550",,,,,,,,,,,,,,,
PACE,29Oct2015,Mountain,N,"123,554","132,584","105,023","-27,561",,,,,,,,,,"-1,232","-6,453","3,877","2,996","-5,281","-7,990","-12,925",,,,,,,,,,,,,,,
PACE,30Oct2015,Mountain,N,"123,837","130,295","118,793","-11,502",,,,,,,,,,-316,"2,261","6,651","5,821","-4,259","-12,722","-8,391",,,,,,,,,,,,,,,
PACE,31Oct2015,Mountain,N,"118,956","118,956","119,966",,,,,,,,,,,"2,030","10,111","8,926","8,038","-2,681","-14,670",266,,,,,,,,,,,,,,,
PACE,01Nov2015,Mountain,N,"125,998","126,800","153,293","5,216",,,,,,,,,,-175,"9,525","8,485","6,159","-3,097","-13,128","-2,073",,,,,,,,,,,,,,,
PACE,02Nov2015,Mountain,N,"129,410","131,897","121,768","-11,450",,,,,,,,,,-455,"5,040","4,418","4,420","-3,292","-11,714","-9,401",,,,,,,,,,,,,,,
PACE,03Nov2015,Mountain,N,"129,466","133,300","127,413","-5,887",,,,,,,,,,"-1,511","6,458","5,820","3,027","-1,420","-9,875","-7,861",,,,,,,,,,,,,,,
PACE,04Nov2015,Mountain,N,"128,532","143,121","116,420","-26,701",,,,,,,,,,"-1,422","9,300","3,335","2,523","-3,921","-18,597","-9,991",,,,,,,,,,,,,,,
PACE,05Nov2015,Mountain,N,"130,990","137,438","126,104","-11,334",,,,,,,,,,-8,"9,401","6,633","3,391","-3,527","-21,979","-3,577",,,,,,,,,,,,,,,
PACE,06Nov2015,Mountain,N,"130,885","126,935","118,559","-8,376",,,,,,,,,,-601,"19,367","5,495","3,057","-4,707","-22,454","-8,100",,,,,,,,,,,,,,,
PACE,07Nov2015,Mountain,N,"126,152","123,331","119,196","-4,135",,,,,,,,,,971,"19,875","5,273","6,121","-3,811","-23,937","-8,075",,,,,,,,,,,,,,,
PACE,08Nov2015,Mountain,N,"123,274","120,214","120,025",-189,,,,,,,,,,-531,"21,436","6,286","5,064","-2,530","-22,313","-7,075",,,,,,,,,,,,,,,
PACE,09Nov2015,Mountain,N,"131,318","125,707","123,843","-1,864",,,,,,,,,,620,"23,379","6,053","4,834","-2,917","-21,913","-11,399",,,,,,,,,,,,,,,
PACE,10Nov2015,Mountain,N,"125,747","130,195","118,735","-11,460",,,,,,,,,,"4,403","17,953","4,309","2,566","-2,655","-22,844","-14,636",,,,,,,,,,,,,,,
PACE,11Nov2015,Mountain,N,"130,598","125,131","131,527","6,396",,,,,,,,,,"8,510","17,769","7,984","4,842","-2,426","-21,126","-8,591",,,,,,,,,,,,,,,
PACE,12Nov2015,Mountain,N,"132,489","126,409","131,087","4,678",,,,,,,,,,"7,601","20,247","7,150","6,231","-3,482","-22,939","-9,570",,,,,,,,,,,,,,,
PACE,13Nov2015,Mountain,N,"138,154","123,166","135,878","12,712",,,,,,,,,,"8,386","18,062","7,039","5,369","-1,811","-19,990","-3,811",,,,,,,,,,,,,,,
PACE,14Nov2015,Mountain,N,"130,698","118,704","130,856","12,152",,,,,,,,,,"9,692","17,735","7,341","5,244","-2,292","-21,201","-3,904",,,,,,,,,,,,,,,
PACE,15Nov2015,Mountain,N,"126,162","126,162","130,808",,,,,,,,,,,"9,452","12,913","6,165","4,546","-2,196","-11,330","-6,844",,,,,,,,,,,,,,,
PACE,16Nov2015,Mountain,N,"137,601","138,426","160,022","-2,625",,,,,,,,,,"8,320","10,129","5,282","2,738","-2,317","-13,454","-12,327",,,,,,,,,,,,,,,
PACE,17Nov2015,Mountain,N,"139,274","137,434","135,272","1,377",,,,,,,,,,"8,306","8,454","6,980","3,930","-3,515","-13,823","-8,980",,,,,,,,,,,,,,,
PACE,18Nov2015,Mountain,N,"135,051","128,833","132,286","3,453",,,,,,,,,,"7,890","7,857","8,429","4,380","-3,951","-14,124","-6,837",,,,,,,,,,,,,,,
PACE,19Nov2015,Mountain,N,"133,050","131,168","128,117","-3,051",,,,,,,,,,"7,238","10,940","7,220","1,847","-4,235","-15,503","-10,132",,,,,,,,,,,,,,,
PACE,20Nov2015,Mountain,N,"130,351","133,484","116,397","-17,087",,,,,,,,,,"5,888","8,242","3,600",111,"-3,338","-15,449","-15,813",,,,,,,,,,,,,,,
PACE,21Nov2015,Mountain,N,"129,774","126,756","123,210","-3,546",,,,,,,,,,"2,818","15,446","2,425","2,233","-2,707","-15,451","-7,974",,,,,,,,,,,,,,,
PACE,22Nov2015,Mountain,N,"128,698","124,022","130,979","6,957",,,,,,,,,,"1,629","21,073","4,305","5,328","-1,808","-15,795","-7,413",,,,,,,,,,,,,,,
PACE,23Nov2015,Mountain,N,"134,888","135,420","138,099","2,679",,,,,,,,,,"1,367","19,835","5,205","3,949",-576,"-15,789","-10,999",,,,,,,,,,,,,,,
PACE,24Nov2015,Mountain,N,"133,356","132,453","135,945","3,492",,,,,,,,,,"1,461","24,472","5,951","3,541",-899,"-21,642","-9,079",,,,,,,,,,,,,,,
PACE,25Nov2015,Mountain,N,"132,738","129,443","126,944","-2,499",,,,,,,,,,192,"26,371","5,981","2,245",-388,"-24,358","-12,214",,,,,,,,,,,,,,,
PACE,26Nov2015,Mountain,N,"131,132","123,282","129,492","6,210",,,,,,,,,,49,"30,026","6,139","5,888",-567,"-27,606","-7,386",,,,,,,,,,,,,,,
PACE,27Nov2015,Mountain,N,"133,698","126,074","129,710","3,636",,,,,,,,,,-67,"30,825","5,359","4,400",-536,"-25,680","-10,328",,,,,,,,,,,,,,,
PACE,28Nov2015,Mountain,N,"134,941","134,941","130,018",,,,,,,,,,,"1,036","30,887","4,235","4,650","-1,005","-27,483","-8,751",,,,,,,,,,,,,,,
PACE,29Nov2015,Mountain,N,"134,545","121,838","155,032","7,611",,,,,,,,,,659,"34,054","4,313","4,502",779,"-27,942","-8,412",,,,,,,,,,,,,,,
PACE,30Nov2015,Mountain,N,"144,688","139,846","144,690","5,877",,,,,,,,,,"-1,583","34,992","5,567","2,882","2,216","-28,578","-8,995",,,,,,,,,,,,,,,
PACE,01Dec2015,Mountain,N,"144,040","141,009","149,384","8,375",,,,,,,,,,73,"33,443","5,515","3,877",537,"-27,815","-6,926",,,,,,,,,,,,,,,
PACE,02Dec2015,Mountain,N,"140,997","136,915","152,032","15,117",,,,,,,,,,"2,572","32,249","6,989","5,866",-170,"-28,256","-3,812",,,,,,,,,,,,,,,
PACE,03Dec2015,Mountain,N,"141,680","136,569","147,447","10,878",,,,,,,,,,"7,690","22,521","5,395","5,178","-2,047","-22,635","-4,914",,,,,,,,,,,,,,,
PACE,04Dec2015,Mountain,N,"139,910","133,177","154,587","21,410",,,,,,,,,,"11,720","21,041","6,418","4,161","-1,395","-19,126","-1,063",,,,,,,,,,,,,,,
PACE,05Dec2015,Mountain,N,"135,963","129,246","151,512","22,266",,,,,,,,,,"11,888","24,451","6,133","5,222",73,"-21,863","-3,175",,,,,,,,,,,,,,,
PACE,06Dec2015,Mountain,N,"133,684","133,684","151,791",,,,,,,,,,,"12,428","24,993","5,649","4,544",-226,"-20,336","-1,346",,,,,,,,,,,,,,,
PACE,07Dec2015,Mountain,N,"143,796","135,201","186,919","25,894",,,,,,,,,,"10,542","26,649","6,214","3,273",-419,"-19,333",-480,,,,,,,,,,,,,,,
PACE,08Dec2015,Mountain,N,"138,459","131,310","147,880","23,466",,,,,,,,,,"7,789","27,070","7,094","3,449","-1,255","-16,188","-3,933",,,,,,,,,,,,,,,
PACE,09Dec2015,Mountain,N,"136,190","130,219","153,840","23,621",,,,,,,,,,"9,831","22,092","7,135","2,722","-1,534","-15,582",-579,,,,,,,,,,,,,,,
PACE,10Dec2015,Mountain,N,"136,110","130,676","148,076","17,400",,,,,,,,,,"11,354","25,570","6,247","2,783",-628,"-22,437","-5,009",,,,,,,,,,,,,,,
PACE,11Dec2015,Mountain,N,"135,378","128,928","130,907","1,979",,,,,,,,,,"11,541","24,716","4,105","2,568","-1,754","-26,857","-11,787",,,,,,,,,,,,,,,
PACE,12Dec2015,Mountain,N,"131,494","125,965","125,518",-447,,,,,,,,,,"13,131","20,405","2,918","2,460","-1,565","-26,513","-10,730",,,,,,,,,,,,,,,
PACE,13Dec2015,Mountain,N,"129,004","128,722","142,380","13,658",,,,,,,,,,"13,296","22,023","4,272","4,648","-1,419","-23,022","-5,518",,,,,,,,,,,,,,,
PACE,14Dec2015,Mountain,N,"145,610","138,823","138,710",-113,,,,,,,,,,"13,532","14,912","3,895","2,370","-2,401","-21,006","-10,930",,,,,,,,,,,,,,,
PACE,15Dec2015,Mountain,N,"147,022","136,611","141,272","4,661",,,,,,,,,,"14,233","8,568","4,653","1,985","-3,595","-16,050","-4,669",,,,,,,,,,,,,,,
PACE,16Dec2015,Mountain,N,"151,240","126,826","139,872","13,046",,,,,,,,,,"15,303","18,863","6,079","3,212","-2,268","-22,668","-5,003",,,,,,,,,,,,,,,
PACE,17Dec2015,Mountain,N,"152,785","123,559","137,307","13,748",,,,,,,,,,"14,981","24,367","5,818","3,543",-857,"-26,970","-6,622",,,,,,,,,,,,,,,
PACE,18Dec2015,Mountain,N,"148,806","120,850","141,896","21,046",,,,,,,,,,"15,831","23,296","5,311","4,275","-1,683","-24,985",-522,,,,,,,,,,,,,,,
PACE,19Dec2015,Mountain,N,"137,091","113,135","140,989","27,854",,,,,,,,,,"16,957","21,915","5,102","4,515","-2,164","-18,478",526,,,,,,,,,,,,,,,
PACE,20Dec2015,Mountain,N,"135,728","135,728","141,091",,,,,,,,,,,"16,252","24,887","5,279","4,498","-3,034","-20,520","-5,321",,,,,,,,,,,,,,,
PACE,21Dec2015,Mountain,N,"147,252","138,931","185,751","19,703",,,,,,,,,,"14,516","21,115","5,609","2,637","-1,173","-20,576","-1,900",,,,,,,,,,,,,,,
PACE,22Dec2015,Mountain,N,"141,459","139,409","184,712","17,266",,,,,,,,,,"15,765","15,692","5,574","3,242","-1,709","-18,173","-2,590",,,,,,,,,,,,,,,
PACE,23Dec2015,Mountain,N,"142,290","139,500","177,853","11,689",,,,,,,,,,"13,356","15,381","5,918","2,343","-1,384","-15,065","-8,310",,,,,,,,,,,,,,,
PACE,24Dec2015,Mountain,N,"137,949","131,423","172,034","14,444",,,,,,,,,,"12,602","21,713","4,342","3,101","-1,596","-17,725","-7,455",,,,,,,,,,,,,,,
PACE,25Dec2015,Mountain,N,"131,887","125,653","163,153","9,597",,,,,,,,,,"12,754","22,757","3,363","4,152","-1,229","-18,854","-12,791",,,,,,,,,,,,,,,
PACE,26Dec2015,Mountain,N,"142,185","129,419","165,269","7,087",,,,,,,,,,"13,451","23,423","3,640","4,029","-1,937","-19,889","-15,081",,,,,,,,,,,,,,,
PACE,27Dec2015,Mountain,N,"143,208","134,752","174,205","8,469",,,,,,,,,,"15,254","23,225","5,408","7,047","-1,161","-25,431","-15,321",,,,,,,,,,,,,,,
PACE,28Dec2015,Mountain,N,"148,715","140,162","179,740","8,774",,,,,,,,,,"14,066","23,605","5,110","5,677","-1,492","-25,420","-12,229",,,,,,,,,,,,,,,
PACE,29Dec2015,Mountain,N,"147,621","136,581","139,120","2,001",,,,,,,,,,"15,647","21,992","4,787","5,223","-2,123","-29,801","-13,169",,,,,,,,,,,,,,,
PACE,30Dec2015,Mountain,N,"146,596","136,157","144,179","8,022",,,,,,,,,,"12,013","23,227","4,653","5,660","-2,706","-27,262","-7,008",,,,,,,,,,,,,,,
PACE,31Dec2015,Mountain,N,"144,721","135,924","137,958","2,034",,,,,,,,,,"9,566","24,935","3,523","5,182","-1,911","-28,129","-10,572",,,,,,,,,,,,,,,
PACE,01Jan2016,Mountain,N,"138,340","132,555","140,856","8,301",,,,,,,,,,"9,130","23,169","4,714","4,830",-321,"-21,348","-11,248",,,,,,,,,,,,,,,
PACE,02Jan2016,Mountain,N,"142,759","142,759","141,204",,,,,,,,,,,"8,919","22,431","4,155","4,753",343,"-19,363","-11,849",,,,,,,,,,,,,,,
PACE,03Jan2016,Mountain,N,"137,544","137,544",,,,,,,,,,,,"10,274","15,465","5,224","5,188","-1,302","-16,830","-14,098",,,,,,,,,,,,,,,
PACE,04Jan2016,Mountain,N,"143,509","142,703","144,451","1,748",,,,,,,,,,"10,812","13,960","6,366","6,475",-686,"-21,294","-13,363",,,,,,,,,,,,,,,
PACE,05Jan2016,Mountain,N,"141,667","142,596","154,324","11,728",,,,,,,,,,"10,640","15,904","8,462","7,847",350,"-22,065","-8,873",,,,,,,,,,,,,,,
PACE,06Jan2016,Mountain,N,"141,126","141,126","155,313",,,,,,,,,,,"10,126","24,116","6,430","8,381",-418,"-26,461","-9,421",,,,,,,,,,,,,,,
PACE,07Jan2016,Mountain,N,"141,626","141,626",,,,,,,,,,,,"9,246","23,491","5,402","6,900","-2,783","-27,554","-7,505",,,,,,,,,,,,,,,
PACE,08Jan2016,Mountain,N,"141,383","132,073","139,343","7,270",,,,,,,,,,"9,503","24,998","5,487","6,086",9,"-28,528","-9,726",,,,,,,,,,,,,,,
PACE,09Jan2016,Mountain,N,"136,724","126,505","146,035","19,530",,,,,,,,,,"10,277","26,049","8,964","9,313",-574,"-27,409","-6,534",,,,,,,,,,,,,,,
PACE,10Jan2016,Mountain,N,"134,631","134,631","146,434",,,,,,,,,,,"9,525","28,481","8,955","10,500",-593,"-28,091","-4,601",,,,,,,,,,,,,,,
PACE,11Jan2016,Mountain,N,"145,181","134,589","157,899","23,310",,,,,,,,,,"10,577","23,567","10,942","9,167",-599,"-25,397","-4,386",,,,,,,,,,,,,,,
PACE,12Jan2016,Mountain,N,"145,765","136,832","151,518","14,686",,,,,,,,,,"10,404","16,108","9,162","8,723","-2,489","-21,057","-5,683",,,,,,,,,,,,,,,
PACE,13Jan2016,Mountain,N,"143,020","138,673","155,174","16,501",,,,,,,,,,"10,749","13,917","8,005","8,253","-1,331","-18,979","-3,579",,,,,,,,,,,,,,,
PACE,14Jan2016,Mountain,N,"143,981","138,515","155,560","17,045",,,,,,,,,,"9,452","19,720","8,260","8,426","-1,347","-19,908","-7,010",,,,,,,,,,,,,,,
PACE,15Jan2016,Mountain,N,"141,583","141,583","155,207",,,,,,,,,,,"11,769","16,552","7,174","7,347","-1,428","-21,243","-12,257",,,,,,,,,,,,,,,
PACE,16Jan2016,Mountain,N,"135,713","131,836","146,135","14,299",,,,,,,,,,"7,555","17,226","7,462","7,057","-1,054","-21,733","-1,664",,,,,,,,,,,,,,,
PACE,17Jan2016,Mountain,N,"131,846","126,806","139,297","12,491",,,,,,,,,,"3,864","19,431","6,106","7,308","-2,068","-20,216","-1,392",,,,,,,,,,,,,,,
PACE,18Jan2016,Mountain,N,"138,601","132,458","144,317","11,859",,,,,,,,,,"2,847","20,426","6,177","7,221",-996,"-23,131",-147,,,,,,,,,,,,,,,
PACE,19Jan2016,Mountain,N,"141,002","133,192","136,541","3,349",,,,,,,,,,"6,126","15,811","6,104","7,402","-1,746","-25,132","-4,673",,,,,,,,,,,,,,,
PACE,20Jan2016,Mountain,N,"143,546","133,344","144,263","10,919",,,,,,,,,,"6,379","17,593","7,495","7,045",325,"-23,250","-4,116",,,,,,,,,,,,,,,
PACE,21Jan2016,Mountain,N,"140,723","130,094","144,188","14,094",,,,,,,,,,"9,805","19,239","5,933","6,590",188,"-24,470","-2,636",,,,,,,,,,,,,,,
PACE,22Jan2016,Mountain,N,"138,895","127,928","139,352","11,424",,,,,,,,,,"9,589","18,417","5,121","5,791","-1,497","-26,801","1,341",,,,,,,,,,,,,,,
PACE,23Jan2016,Mountain,N,"133,272","127,005","131,403","4,398",,,,,,,,,,"9,685","13,650","5,169","4,944","-1,644","-25,473","-1,394",,,,,,,,,,,,,,,
PACE,24Jan2016,Mountain,N,"132,140","125,554","124,580",-974,,,,,,,,,,"7,390","12,665","5,361","4,634","-2,271","-22,237","-5,958",,,,,,,,,,,,,,,
PACE,25Jan2016,Mountain,N,"141,512","141,512","125,216",,,,,,,,,,,"7,172","18,775","4,914","5,878",-995,"-20,894","-11,980",,,,,,,,,,,,,,,
PACE,26Jan2016,Mountain,N,"142,741","136,061","141,244","5,183",,,,,,,,,,"12,213","16,218","7,117","5,210",-766,"-25,732","-8,502",,,,,,,,,,,,,,,
PACE,27Jan2016,Mountain,N,"142,214","138,101","143,402","5,301",,,,,,,,,,"12,023","14,111","6,456","7,089","-1,455","-26,731","-5,633",,,,,,,,,,,,,,,
PACE,28Jan2016,Mountain,N,"141,545","141,545","143,141",,,,,,,,,,,"8,336","10,984","8,980","6,771","-1,328","-24,340","-2,502",,,,,,,,,,,,,,,
PACE,29Jan2016,Mountain,N,"138,244","131,625","146,927","15,302",,,,,,,,,,"9,034","18,572","9,320","6,823",-997,"-25,861","-1,066",,,,,,,,,,,,,,,
PACE,30Jan2016,Mountain,N,"133,167","132,847","134,214","1,367",,,,,,,,,,"9,708","10,677","6,207","5,247","-1,908","-22,949","-5,080",,,,,,,,,,,,,,,
PACE,31Jan2016,Mountain,N,"133,271","133,271","133,788",,,,,,,,,,,"8,310","18,548","5,030","8,133","-2,341","-26,430","-4,126",,,,,,,,,,,,,,,
PACE,01Feb2016,Mountain,N,"145,709","140,493","173,497","8,522",,,,,,,,,,"8,860","17,851","5,386","6,981",-192,"-26,535","-3,250",,,,,,,,,,,,,,,
PACE,02Feb2016,Mountain,N,"146,834","137,499","139,880","1,926",,,,,,,,,,"9,628","18,423","3,715","6,290",-520,"-27,097","-7,984",,,,,,,,,,,,,,,
PACE,03Feb2016,Mountain,N,"145,177","133,481","149,525","16,044",,,,,,,,,,"9,832","21,997","6,910","6,967",169,"-27,450","-1,810",,,,,,,,,,,,,,,
PACE,04Feb2016,Mountain,N,"144,837","132,333","147,314","14,981",,,,,,,,,,"8,559","22,229","7,080","5,744","-1,627","-25,034","-1,413",,,,,,,,,,,,,,,
PACE,05Feb2016,Mountain,N,"141,176","129,559","148,439","18,880",,,,,,,,,,"8,246","25,215","6,252","6,402",-381,"-23,720","-2,580",,,,,,,,,,,,,,,
PACE,06Feb2016,Mountain,N,"134,694","126,251","152,104","25,853",,,,,,,,,,"9,214","25,299","7,419","7,617",-760,"-19,609","-2,774",,,,,,,,,,,,,,,
PACE,07Feb2016,Mountain,N,"131,038","131,038","151,861",,,,,,,,,,,"9,421","30,485","6,815","6,657",-87,"-23,573","-5,815",,,,,,,,,,,,,,,
PACE,08Feb2016,Mountain,N,"139,661","139,661",,,,,,,,,,,,"9,839","26,529","5,912","6,673","-2,267","-24,272","-5,990",,,,,,,,,,,,,,,
PACE,09Feb2016,Mountain,N,"138,651","128,145","142,325","14,180",,,,,,,,,,"9,537","24,223","6,068","6,716","-2,764","-24,466","-4,579",,,,,,,,,,,,,,,
PACE,10Feb2016,Mountain,N,"109,740","109,740","142,494",,,,,,,,,,,"6,098","24,096","7,638","8,618","-3,644","-25,354","-5,547",,,,,,,,,,,,,,,
PACE,11Feb2016,Mountain,N,"109,873","109,873",,,,,,,,,,,,411,"22,818","7,304","8,295","-3,435","-24,255","-7,324",,,,,,,,,,,,,,,
PACE,12Feb2016,Mountain,N,"107,978","129,354","132,633","3,279",,,,,,,,,,"1,699","18,078","7,422","9,724","-3,174","-23,800","-6,137",,,,,,,,,,,,,,,
PACE,13Feb2016,Mountain,N,"129,242","129,242","132,732",,,,,,,,,,,288,"19,804","7,909","7,633","-1,429","-23,055","-3,407",,,,,,,,,,,,,,,
PACE,14Feb2016,Mountain,N,"127,855","124,975","129,921","4,946",,,,,,,,,,276,"16,375","7,277","6,630","-1,526","-21,006","-2,538",,,,,,,,,,,,,,,
PACE,15Feb2016,Mountain,N,"132,079","130,496","130,125",-371,,,,,,,,,,-577,"9,911","10,185","6,019","-1,604","-20,589","-3,227",,,,,,,,,,,,,,,
PACE,16Feb2016,Mountain,N,"132,797","132,797","129,995",,,,,,,,,,,296,"14,186","10,636","9,690","-2,919","-21,825",34,,,,,,,,,,,,,,,
PACE,17Feb2016,Mountain,N,"130,221","128,964","153,422","1,551",,,,,,,,,,"5,575","12,251","5,773","8,573","-1,647","-25,770","-2,764",,,,,,,,,,,,,,,
PACE,18Feb2016,Mountain,N,"132,766","132,766","153,708",,,,,,,,,,,"6,728","12,781","7,193","5,434","-1,571","-19,432","-4,939",,,,,,,,,,,,,,,
PACE,19Feb2016,Mountain,N,"132,110","125,552","128,047","2,495",,,,,,,,,,"8,644","11,693","4,809","4,249","-2,234","-22,067","-2,216",,,,,,,,,,,,,,,
PACE,20Feb2016,Mountain,N,"126,513","121,038","117,832","-3,206",,,,,,,,,,"6,471","10,399","4,521","4,047","-3,637","-20,321","-4,302",,,,,,,,,,,,,,,
PACE,21Feb2016,Mountain,N,"123,782","123,782","117,899",,,,,,,,,,,"5,762","9,594","2,200","2,463","-5,643","-19,850","-10,750",,,,,,,,,,,,,,,
PACE,22Feb2016,Mountain,N,"134,840","133,784","136,523","-20,341",,,,,,,,,,"5,968","4,678","3,966","2,543","-5,477","-23,496","-8,120",,,,,,,,,,,,,,,
PACE,23Feb2016,Mountain,N,"135,750","135,750","137,821",,,,,,,,,,,"7,581","12,473","3,653","6,063","-2,517","-22,685","-7,535",,,,,,,,,,,,,,,
PACE,24Feb2016,Mountain,N,"133,134","133,134",,,,,,,,,,,,"7,096","12,149","4,993","5,255","-3,815","-20,646","-4,466",,,,,,,,,,,,,,,
PACE,25Feb2016,Mountain,N,"132,251","132,251",,,,,,,,,,,,"5,659","9,608","3,672","5,286","-4,811","-19,027","-5,718",,,,,,,,,,,,,,,
PACE,26Feb2016,Mountain,N,"130,533","129,696","137,840","-14,466",,,,,,,,,,"3,978","2,423","3,820","3,789","-3,044","-19,602","-5,454",,,,,,,,,,,,,,,
PACE,27Feb2016,Mountain,N,"125,216","123,405","131,913","-10,279",,,,,,,,,,"2,732","2,591","5,175","2,284","-3,080","-13,391","-6,227",,,,,,,,,,,,,,,
PACE,28Feb2016,Mountain,N,"119,106","119,079","108,071","-11,008",,,,,,,,,,"3,653","3,671","4,835","3,183","-4,236","-14,345","-7,385",,,,,,,,,,,,,,,
PACE,29Feb2016,Mountain,N,"131,249","123,314","120,768","-2,546",,,,,,,,,,"3,862","8,898","4,602","3,445","-3,139","-15,822","-4,046",,,,,,,,,,,,,,,
PACE,01Mar2016,Mountain,N,"127,865","121,381","117,990","-3,391",,,,,,,,,,"2,748","8,086","4,943","2,556","-1,485","-16,253","-3,616",,,,,,,,,,,,,,,
PACE,02Mar2016,Mountain,N,"126,003","126,003","118,276",,,,,,,,,,,"2,297","7,602","5,195","2,271","-1,591","-16,136","-3,107",,,,,,,,,,,,,,,
PACE,03Mar2016,Mountain,N,"124,307","121,575","115,741","-5,834",,,,,,,,,,"5,779","7,734","3,156","2,099","-2,176","-19,306","-2,753",,,,,,,,,,,,,,,
PACE,04Mar2016,Mountain,N,"123,634","121,834","108,471","-13,363",,,,,,,,,,"4,510","5,997","2,140","2,839","-4,099","-17,390","-6,988",,,,,,,,,,,,,,,
PACE,05Mar2016,Mountain,N,"118,807","119,798","106,760","-13,038",,,,,,,,,,"2,762","4,658","3,342","2,782","-4,174","-15,483","-6,462",,,,,,,,,,,,,,,
PACE,06Mar2016,Mountain,N,"122,247","119,047","99,847","-19,200",,,,,,,,,,142,-386,"1,420",-478,"-3,061","-9,888","-6,460",,,,,,,,,,,,,,,
PACE,07Mar2016,Mountain,N,"129,582","126,196","108,357","-17,839",,,,,,,,,,"2,564","4,028","3,467","2,167","-4,875","-14,917","-9,767",,,,,,,,,,,,,,,
PACE,08Mar2016,Mountain,N,"129,712","129,712","108,635",,,,,,,,,,,"4,266","1,651","1,924",835,"-5,953","-13,987","-13,927",,,,,,,,,,,,,,,
PACE,09Mar2016,Mountain,N,"128,500","128,500",,,,,,,,,,,,"4,767","3,095","3,602","1,733","-6,693","-12,754","-7,935",,,,,,,,,,,,,,,
PACE,10Mar2016,Mountain,N,"126,265","126,356","129,191","-13,858",,,,,,,,,,"3,675","1,781","2,403","1,841","-5,265","-13,253","-4,572",,,,,,,,,,,,,,,
PACE,11Mar2016,Mountain,N,"120,690","120,690","129,096",,,,,,,,,,,"2,526","1,613","2,927","2,057","-5,291","-12,213","-10,811",,,,,,,,,,,,,,,
PACE,12Mar2016,Mountain,N,"116,694","116,694",,,,,,,,,,,,"-2,630","7,030","2,510","1,363","-3,350","-11,536","-12,578",,,,,,,,,,,,,,,
PACE,13Mar2016,Mountain,N,"111,456","108,934","101,458","-7,476",,,,,,,,,,"-2,988","9,772","3,805","1,277","-3,342","-6,881","-8,694",,,,,,,,,,,,,,,
PACE,14Mar2016,Mountain,N,"126,784","123,869","110,107","-13,762",,,,,,,,,,"-1,818","2,811","5,046","2,995","-6,857","-8,870","-6,588",,,,,,,,,,,,,,,
PACE,15Mar2016,Mountain,N,"129,179","127,100","113,510","-13,590",,,,,,,,,,"-1,256","5,064","4,045","3,397","-5,758","-12,221","-6,367",,,,,,,,,,,,,,,
PACE,16Mar2016,Mountain,N,"126,604","124,596","111,712","-12,884",,,,,,,,,,490,"3,733","5,495","3,953","-6,356","-15,916","-3,790",,,,,,,,,,,,,,,
PACE,17Mar2016,Mountain,N,"123,992","122,809","102,300","-20,509",,,,,,,,,,"1,301",-389,"4,190","3,201","-9,198","-15,353","-3,772",,,,,,,,,,,,,,,
PACE,18Mar2016,Mountain,N,"122,271","124,502","101,336","-23,166",,,,,,,,,,533,-982,975,"3,594","-8,719","-12,552","-5,518",,,,,,,,,,,,,,,
PACE,19Mar2016,Mountain,N,"116,697","119,960","96,613","-23,347",,,,,,,,,,"1,633","-3,898","1,062","2,800","-7,812","-13,872","-2,775",,,,,,,,,,,,,,,
PACE,20Mar2016,Mountain,N,"116,069","116,069","97,127",,,,,,,,,,,"3,232",-649,"2,001","3,118","-6,678","-15,640",548,,,,,,,,,,,,,,,
PACE,21Mar2016,Mountain,N,"123,690","125,324","143,962","-6,273",,,,,,,,,,"3,546","4,182","4,472","3,964","-6,184","-14,193","-1,630",,,,,,,,,,,,,,,
PACE,22Mar2016,Mountain,N,"125,815","126,682","110,873","-18,107",,,,,,,,,,"1,551","1,078","4,371","1,827","-5,238","-13,291","-7,909",,,,,,,,,,,,,,,
PACE,23Mar2016,Mountain,N,"126,888","124,827","108,864","-15,963",,,,,,,,,,"2,761","2,048","4,110","3,226","-7,145","-13,360","-7,099",,,,,,,,,,,,,,,
PACE,24Mar2016,Mountain,N,"126,208","125,302","116,787","-8,515",,,,,,,,,,"3,506","1,647","4,968","3,599","-6,427","-12,998","-2,319",,,,,,,,,,,,,,,
PACE,25Mar2016,Mountain,N,"126,669","122,758","102,447","-20,311",,,,,,,,,,"3,342","-1,012","2,847","2,184","-6,542","-14,144","-6,487",,,,,,,,,,,,,,,
PACE,26Mar2016,Mountain,N,"121,614","117,714","92,373","-25,341",,,,,,,,,,"2,412","1,981","1,255","1,552","-7,734","-15,248","-9,051",,,,,,,,,,,,,,,
PACE,27Mar2016,Mountain,N,"116,539","116,539","92,723",,,,,,,,,,,"2,976",-389,"2,232","2,252","-5,309","-14,912",-880,,,,,,,,,,,,,,,
PACE,28Mar2016,Mountain,N,"125,664","124,092","104,786","-19,306",,,,,,,,,,"2,510","1,524","3,344","1,561","-6,724","-14,663","-6,379",,,,,,,,,,,,,,,
PACE,29Mar2016,Mountain,N,"129,116","122,302","100,491","-21,811",,,,,,,,,,"1,197","1,884","2,655",555,"-7,243","-15,151","-5,202",,,,,,,,,,,,,,,
PACE,30Mar2016,Mountain,N,"126,884","126,884","100,337",,,,,,,,,,,"2,058","3,030","3,228","1,981","-8,327","-15,193","-2,870",,,,,,,,,,,,,,,
PACE,31Mar2016,Mountain,N,"126,122","126,122",,,,,,,,,,,,"1,434","3,694","3,198",533,"-5,848","-14,376","-7,267",,,,,,,,,,,,,,,
PACE,01Apr2016,Mountain,N,"123,362","122,689","139,171","-10,246",,,,,,,,,,"3,562","5,636","3,240","3,109","-7,084","-14,783","-3,435",,,,,,,,,,,,,,,
PACE,02Apr2016,Mountain,N,"116,504","115,032","114,252",-274,,,,,,,,,,"3,981","6,438","3,197","2,345","-3,798","-11,228",-728,,,,,,,,,,,,,,,
PACE,03Apr2016,Mountain,N,"114,083","111,955","109,556","-2,399",,,,,,,,,,"3,146","6,788","4,442","2,671","-4,830","-8,751","-5,407",,,,,,,,,,,,,,,
PACE,04Apr2016,Mountain,N,"123,164","123,164","109,086",,,,,,,,,,,"3,033","3,306","4,444","2,638","-7,368","-14,322","-4,912",,,,,,,,,,,,,,,
PACE,05Apr2016,Mountain,N,"124,269","124,269",,,,,,,,,,,,"4,156","4,068","4,673","4,153","-5,865","-13,496","-1,008",,,,,,,,,,,,,,,
PACE,06Apr2016,Mountain,N,"123,156","122,283","145,635","-3,732",,,,,,,,,,"5,756","4,697","3,913","5,568","-7,017","-12,494","-3,795",,,,,,,,,,,,,,,
PACE,07Apr2016,Mountain,N,"123,113","118,766","143,195","-6,648",,,,,,,,,,"4,980","5,300","2,453","4,861","-7,668","-14,438","-1,801",,,,,,,,,,,,,,,
PACE,08Apr2016,Mountain,N,"121,476","121,476","143,225",,,,,,,,,,,"6,553","7,202","3,019","4,505","-6,688","-13,745","-2,923",,,,,,,,,,,,,,,
PACE,09Apr2016,Mountain,N,"115,463","114,921","113,144","-1,777",,,,,,,,,,"6,111","1,564","3,779","5,452","-7,082","-12,128",882,,,,,,,,,,,,,,,
PACE,10Apr2016,Mountain,N,"114,344","111,840","99,645","-12,195",,,,,,,,,,"3,336","1,419","3,396","3,214","-8,170","-11,330","-3,712",,,,,,,,,,,,,,,
PACE,11Apr2016,Mountain,N,"122,153","122,153","99,593",,,,,,,,,,,"3,634","-1,136","1,731","3,348","-7,139","-14,283","-6,967",,,,,,,,,,,,,,,
PACE,12Apr2016,Mountain,N,"123,506","123,506",,,,,,,,,,,,"3,675","-1,078","1,489","3,336","-8,892","-12,042","-6,096",,,,,,,,,,,,,,,
PACE,13Apr2016,Mountain,N,"121,969","121,969",,,,,,,,,,,,"2,717","-1,856","1,251","2,880","-10,482","-12,198","-4,140",,,,,,,,,,,,,,,
PACE,14Apr2016,Mountain,N,"123,023","124,976","133,234","-19,661",,,,,,,,,,"2,650","-2,033","1,554","3,376","-6,795","-10,303","-7,757",,,,,,,,,,,,,,,
PACE,15Apr2016,Mountain,N,"122,483","122,448","102,119","-20,329",,,,,,,,,,"2,955","-6,201","1,346","2,833","-6,701","-8,841","-5,343",,,,,,,,,,,,,,,
PACE,16Apr2016,Mountain,N,"117,564","112,842","105,768","-7,074",,,,,,,,,,"3,990","-1,902","1,832","4,034","-8,253","-9,247","2,914",,,,,,,,,,,,,,,
PACE,17Apr2016,Mountain,N,"114,873","111,541","101,442","-10,099",,,,,,,,,,"2,893","-2,814","3,106","3,280","-9,901","-8,377","2,213",,,,,,,,,,,,,,,
PACE,18Apr2016,Mountain,N,"122,166","116,342","98,610","-17,732",,,,,,,,,,"3,018","-3,484",91,"3,707","-11,695","-9,189",324,,,,,,,,,,,,,,,
PACE,19Apr2016,Mountain,N,"123,171","123,171","98,170",,,,,,,,,,,"3,348","-1,439","-1,442","3,962","-11,673","-9,021","1,823",,,,,,,,,,,,,,,
PACE,20Apr2016,Mountain,N,"122,801","117,567","129,014","-16,143",,,,,,,,,,"2,366","-3,455","2,072","3,588","-10,319","-9,835",-122,,,,,,,,,,,,,,,
PACE,21Apr2016,Mountain,N,"122,458","119,504","126,525","-18,735",,,,,,,,,,"2,207","-5,991","2,076","2,912","-10,550","-8,232",-720,,,,,,,,,,,,,,,
PACE,22Apr2016,Mountain,N,"123,103","118,079","105,096","-13,003",,,,,,,,,,"2,816","-3,704","2,940","2,995","-9,251","-7,822",-550,,,,,,,,,,,,,,,
PACE,23Apr2016,Mountain,N,"116,409","110,235","91,188","-19,047",,,,,,,,,,"3,218","-10,985","2,955","1,913","-8,751","-8,162","1,282",,,,,,,,,,,,,,,
PACE,24Apr2016,Mountain,N,"113,628","107,640","98,029","-9,611",,,,,,,,,,"4,338","-7,235","4,176","2,403","-8,062","-7,141","2,431",,,,,,,,,,,,,,,
PACE,25Apr2016,Mountain,N,"121,981","117,040","101,718","-15,322",,,,,,,,,,"3,975","-7,087","2,444","2,518","-9,018","-7,872",286,,,,,,,,,,,,,,,
PACE,26Apr2016,Mountain,N,"124,034","124,034","102,639",,,,,,,,,,,"5,523","-8,941","1,831","1,694","-10,192","-9,055",441,,,,,,,,,,,,,,,
PACE,27Apr2016,Mountain,N,"122,582","122,582",,,,,,,,,,,,"3,788","-7,072",-19,648,"-9,620","-12,167","-3,329",,,,,,,,,,,,,,,
PACE,28Apr2016,Mountain,N,"122,305","115,604","92,490","-23,114",,,,,,,,,,"4,866","-5,942",576,"1,324","-9,595","-13,043",-742,,,,,,,,,,,,,,,
PACE,29Apr2016,Mountain,N,"120,413","120,413","92,871",,,,,,,,,,,"5,293","-6,528",935,"1,519","-9,171","-12,204",879,,,,,,,,,,,,,,,
PACE,30Apr2016,Mountain,N,"115,171","104,388","100,865","-3,523",,,,,,,,,,"9,034","2,460","2,016","3,905","-8,751","-12,547",899,,,,,,,,,,,,,,,
PACE,01May2016,Mountain,N,"112,393","112,393","101,365",,,,,,,,,,,,,,,,,,,,,,,,,,,,,,,,
PACE,02May2016,Mountain,N,"121,338","121,338",,,,,,,,,,,,"7,069","3,337","2,016","2,946","-9,432","-16,417","1,625",,,,,,,,,,,,,,,
PACE,03May2016,Mountain,N,,"111,253","97,154","-14,099",,,,,,,,,,"5,947","3,822",301,"3,051","-9,838","-15,764","-1,120",,,,,,,,,,,,,,,
PACE,04May2016,Mountain,N,"124,553","124,553","96,937",,,,,,,,,,,"2,300",934,-673,"1,629","-9,780","-14,525","-5,150",,,,,,,,,,,,,,,
PACE,05May2016,Mountain,N,"126,832","120,466","125,382","-21,143",,,,,,,,,,950,"3,996",914,"1,787","-9,163","-12,304","-6,888",,,,,,,,,,,,,,,
PACE,06May2016,Mountain,N,"121,375","121,375","125,746",,,,,,,,,,,"1,951","3,333","2,024","1,932","-6,306","-15,045","-5,849",,,,,,,,,,,,,,,
PACE,07May2016,Mountain,N,"115,021","106,518","94,653","-11,865",,,,,,,,,,"1,519","2,846","1,473","2,053","-4,147","-11,427","-3,644",,,,,,,,,,,,,,,
PACE,08May2016,Mountain,N,"111,704","111,704","94,467",,,,,,,,,,,776,"-3,766","1,147","1,040","-5,704","-10,786","-6,730",,,,,,,,,,,,,,,
PACE,09May2016,Mountain,N,"121,916","115,473","97,258","-18,215",,,,,,,,,,"1,876","-3,678","3,980","1,892","-6,754","-12,278","-2,770",,,,,,,,,,,,,,,
PACE,10May2016,Mountain,N,"121,473","121,473","98,298",,,,,,,,,,,"5,015","4,964","2,126","5,149","-7,046","-13,461","1,271",,,,,,,,,,,,,,,
PACE,11May2016,Mountain,N,"120,475","111,257","98,025","-13,232",,,,,,,,,,"4,129","3,108",651,"2,402","-8,067","-12,960","-1,977",,,,,,,,,,,,,,,
PACE,12May2016,Mountain,N,"121,535","117,410","105,100","-12,310",,,,,,,,,,"5,115","1,396","3,407","3,137","-6,110","-13,918","-4,856",,,,,,,,,,,,,,,
PACE,13May2016,Mountain,N,"123,608","117,845","100,322","-17,523",,,,,,,,,,"4,253","2,719","2,789","2,390","-5,439","-17,825","-5,985",,,,,,,,,,,,,,,
PACE,14May2016,Mountain,N,"119,078","119,078","100,056",,,,,,,,,,,"3,023",-340,"1,732",629,"-6,052","-19,780","-1,402",,,,,,,,,,,,,,,
PACE,15May2016,Mountain,N,"114,137","114,137",,,,,,,,,,,,"3,517",243,"1,473","1,540","-4,255","-17,994","-3,354",,,,,,,,,,,,,,,
PACE,16May2016,Mountain,N,"124,667","113,793","123,353","-16,685",,,,,,,,,,"3,181","5,260","1,248","1,716","-3,638","-17,924","-5,995",,,,,,,,,,,,,,,
PACE,17May2016,Mountain,N,"127,258","113,535","104,068","-1,299",,,,,,,,,,"3,563","11,919","3,058","2,864","-2,529","-18,263","-1,392",,,,,,,,,,,,,,,
PACE,18May2016,Mountain,N,"126,888","126,888",,,,,,,,,,,,"2,731","10,105","2,275","3,390","-3,597","-21,179","-9,143",,,,,,,,,,,,,,,
PACE,19May2016,Mountain,N,"127,862","114,145","98,398","-15,747",,,,,,,,,,"1,982","8,626","2,186","2,599","-3,259","-20,347","-7,107",,,,,,,,,,,,,,,
PACE,20May2016,Mountain,N,"124,448","124,448","98,712",,,,,,,,,,,"3,203","8,023",403,"3,444","-3,992","-19,171","-5,547",,,,,,,,,,,,,,,
PACE,21May2016,Mountain,N,"114,290","108,359","94,168","-14,191",,,,,,,,,,"1,200","5,997","2,954","2,113","-1,901","-17,358","-6,719",,,,,,,,,,,,,,,
PACE,22May2016,Mountain,N,"109,465","104,571","93,451","-11,120",,,,,,,,,,"2,607","3,767","2,961","1,635","-2,741","-13,549","-5,288",,,,,,,,,,,,,,,
PACE,23May2016,Mountain,N,"119,572","119,572","93,985",,,,,,,,,,,"2,144","1,556","2,421","1,811","-4,661","-10,659","-6,170",,,,,,,,,,,,,,,
PACE,24May2016,Mountain,N,"120,360","119,351","136,982","-11,257",,,,,,,,,,"6,010",641,"1,897","3,948","-4,445","-15,667","-3,146",,,,,,,,,,,,,,,
PACE,25May2016,Mountain,N,"120,667","116,093","106,029","-9,943",,,,,,,,,,"5,638",-126,"3,062","4,686","-5,795","-14,483","-2,440",,,,,,,,,,,,,,,
PACE,26May2016,Mountain,N,"120,982","113,895","90,576","-23,319",,,,,,,,,,"3,586","-1,921","1,232","2,232","-5,673","-14,099","-8,169",,,,,,,,,,,,,,,
PACE,27May2016,Mountain,N,"121,266","111,758","91,867","-19,891",,,,,,,,,,"2,276",-743,"2,517","2,997","-5,656","-12,393","-8,396",,,,,,,,,,,,,,,
PACE,28May2016,Mountain,N,"115,236","108,801","102,727","-6,074",,,,,,,,,,"3,028","4,595","3,955","5,692","-7,198","-13,238","-2,434",,,,,,,,,,,,,,,
PACE,29May2016,Mountain,N,"114,224","106,375","94,702","-11,673",,,,,,,,,,"2,311","3,083","3,012","5,213","-6,719","-12,833","-5,271",,,,,,,,,,,,,,,
PACE,30May2016,Mountain,N,"117,933","110,292","99,641","-10,651",,,,,,,,,,183,"8,392","3,019","4,595","-4,905","-14,579","-6,907",,,,,,,,,,,,,,,
PACE,31May2016,Mountain,N,"125,408","115,889","102,824","-13,065",,,,,,,,,,-125,"13,629","1,976","3,564","-6,006","-16,988","-8,661",,,,,,,,,,,,,,,
PACE,01Jun2016,Mountain,N,"133,877","133,877","102,854",,,,,,,,,,,235,"10,967","2,067","4,286","-4,982","-17,115","-12,846",,,,,,,,,,,,,,,
PACE,02Jun2016,Mountain,N,"142,819","127,497","146,237","-12,117",,,,,,,,,,819,"9,592","1,931","4,122","-5,756","-14,253","-8,174",,,,,,,,,,,,,,,
PACE,03Jun2016,Mountain,N,"144,953","121,608","100,542","-19,706",,,,,,,,,,"-1,774","13,963","2,029","2,470","-4,829","-18,737","-12,436",,,,,,,,,,,,,,,
PACE,04Jun2016,Mountain,N,"143,158","118,688","99,699","-18,989",,,,,,,,,,-68,"15,368","1,744","3,868","-4,679","-21,138","-13,691",,,,,,,,,,,,,,,
PACE,05Jun2016,Mountain,N,"143,707","121,702","104,729","-16,973",,,,,,,,,,"4,284","15,372","1,027","1,570","-3,811","-21,074","-13,987",,,,,,,,,,,,,,,
PACE,06Jun2016,Mountain,N,"154,313","134,644","111,440","-23,204",,,,,,,,,,"1,085","15,136",-220,833,"-2,465","-22,491","-14,740",,,,,,,,,,,,,,,
PACE,07Jun2016,Mountain,N,"153,712","153,712","111,736",,,,,,,,,,,"-1,153","16,593",972,476,"-3,723","-23,919","-11,602",,,,,,,,,,,,,,,
PACE,08Jun2016,Mountain,N,"150,414","144,142","152,973","-22,254",,,,,,,,,,-854,"12,747","1,667","3,161","-4,814","-24,260","-9,537",,,,,,,,,,,,,,,
PACE,09Jun2016,Mountain,N,"151,391","141,727","122,249","-18,819",,,,,,,,,,"5,533","8,318","2,686","1,684","-4,837","-21,927","-9,941",,,,,,,,,,,,,,,
PACE,10Jun2016,Mountain,N,"154,297","131,458","134,142","2,684",,,,,,,,,,"11,735","13,998","4,144","4,877","-3,794","-24,086","-3,838",,,,,,,,,,,,,,,
PACE,11Jun2016,Mountain,N,"136,121","136,121","134,693",,,,,,,,,,,"8,481","14,292","4,676","6,137","-4,755","-19,953","-1,990",,,,,,,,,,,,,,,
PACE,12Jun2016,Mountain,N,"127,528","127,528",,,,,,,,,,,,"8,999","24,041","2,712","5,544","-4,722","-20,326","-3,617",,,,,,,,,,,,,,,
PACE,13Jun2016,Mountain,N,"136,995","136,995",,,,,,,,,,,,"9,354","16,678","2,709","3,805","-5,236","-19,696","-4,872",,,,,,,,,,,,,,,
PACE,14Jun2016,Mountain,N,"144,808","128,799","162,961","6,142",,,,,,,,,,"8,255","15,188","3,807","3,980","-3,524","-20,084","-1,067",,,,,,,,,,,,,,,
PACE,15Jun2016,Mountain,N,"140,746","126,258","122,789","-2,453",,,,,,,,,,"7,702","14,646","4,022","2,745","-4,527","-21,156","-5,498",,,,,,,,,,,,,,,
PACE,16Jun2016,Mountain,N,"130,455","123,152","127,044","3,892",,,,,,,,,,"5,888","16,090","4,241","2,728","-4,411","-17,389","-2,854",,,,,,,,,,,,,,,
PACE,17Jun2016,Mountain,N,"134,255","124,536","126,932","2,396",,,,,,,,,,"9,289","17,185","3,518","5,232","-4,943","-22,528","-4,962",,,,,,,,,,,,,,,
PACE,18Jun2016,Mountain,N,"143,208","129,774","129,674",-100,,,,,,,,,,"9,558","13,989","4,692","6,265","-6,111","-24,897","-3,222",,,,,,,,,,,,,,,
PACE,19Jun2016,Mountain,N,"134,516","124,211","124,321",110,,,,,,,,,,"11,177","12,726","4,107","6,675","-6,065","-22,861","-5,294",,,,,,,,,,,,,,,
PACE,20Jun2016,Mountain,N,"152,232","140,723","134,368","-6,355",,,,,,,,,,"10,616","12,733","4,478","5,729","-5,921","-24,778","-8,893",,,,,,,,,,,,,,,
PACE,21Jun2016,Mountain,N,"158,232","144,097","146,713","2,616",,,,,,,,,,"10,369","13,327","6,103","5,876","-5,464","-23,371","-3,983",,,,,,,,,,,,,,,
PACE,22Jun2016,Mountain,N,"157,961","140,015","127,494","-12,521",,,,,,,,,,"6,529","15,035","1,826","2,314","-4,407","-24,701","-8,862",,,,,,,,,,,,,,,
PACE,23Jun2016,Mountain,N,"161,371","144,652","140,331","-4,321",,,,,,,,,,"8,502","16,622","2,652","3,984","-4,393","-24,424","-6,957",,,,,,,,,,,,,,,
PACE,24Jun2016,Mountain,N,"147,950","137,216","146,417","9,201",,,,,,,,,,"10,359","16,961","4,814","6,999","-3,383","-21,771","-4,452",,,,,,,,,,,,,,,
PACE,25Jun2016,Mountain,N,"134,380","119,708","137,720","18,012",,,,,,,,,,"10,360","23,459","4,445","8,489","-4,047","-22,492","-1,791",,,,,,,,,,,,,,,
PACE,26Jun2016,Mountain,N,"139,023","120,184","129,781","9,597",,,,,,,,,,"10,022","21,321","4,956","7,872","-4,087","-24,181","-5,926",,,,,,,,,,,,,,,
PACE,27Jun2016,Mountain,N,"159,570","141,632","133,488","-8,144",,,,,,,,,,"8,002","18,350","2,319","5,790","-4,764","-26,054","-11,464",,,,,,,,,,,,,,,
PACE,28Jun2016,Mountain,N,"160,722","145,762","142,552","-3,210",,,,,,,,,,"6,181","22,060","3,782","7,377","-4,315","-25,605","-12,353",,,,,,,,,,,,,,,
PACE,29Jun2016,Mountain,N,"161,884","141,868","140,109","-1,759",,,,,,,,,,"6,894","20,965","4,659","7,920","-5,806","-25,006","-11,046",,,,,,,,,,,,,,,
PACE,30Jun2016,Mountain,N,"156,114","139,600","132,525","-7,075",,,,,,,,,,"7,230","15,822","3,753","5,224","-5,454","-21,479","-11,764",,,,,,,,,,,,,,,
PACE,01Jul2016,Mountain,N,"151,308","139,715","129,948","-9,767",,,,,,,,,,"7,692","17,741","1,508","4,993","-4,111","-25,047","-12,120",,,,,,,,,,,,,,,
PACE,02Jul2016,Mountain,N,"150,903","150,903","130,247",,,,,,,,,,,"6,506","21,828","2,951","5,348","-4,860","-23,377","-10,313",,,,,,,,,,,,,,,
PACE,03Jul2016,Mountain,N,"149,533","139,732","172,004","4,088",,,,,,,,,,"7,087","19,749","4,048","5,820","-3,865","-19,767","-8,564",,,,,,,,,,,,,,,
PACE,04Jul2016,Mountain,N,"152,668","143,871","145,688","2,174",,,,,,,,,,"7,007","19,410","3,601","5,923","-2,248","-19,447","-11,715",,,,,,,,,,,,,,,
PACE,05Jul2016,Mountain,N,"162,806","151,207","144,473","-6,734",,,,,,,,,,"5,812","16,127","2,216","4,672","-3,712","-18,401","-13,119",,,,,,,,,,,,,,,
PACE,06Jul2016,Mountain,N,"146,962","148,398","151,608","3,210",,,,,,,,,,"9,276","21,102","2,969","5,691","-2,974","-21,070","-11,436",,,,,,,,,,,,,,,
PACE,07Jul2016,Mountain,N,"149,598","143,322","150,724","7,402",,,,,,,,,,"10,615","24,534","1,840","6,400","-2,472","-23,273","-9,881",,,,,,,,,,,,,,,
PACE,08Jul2016,Mountain,N,"159,107","144,568","150,625","6,057",,,,,,,,,,"10,430","27,228","2,748","6,323","-2,939","-26,255","-11,124",,,,,,,,,,,,,,,
PACE,09Jul2016,Mountain,N,"155,415","141,040","150,550","9,510",,,,,,,,,,"9,877","28,609","3,588","6,574","-2,340","-28,117","-8,336",,,,,,,,,,,,,,,
PACE,10Jul2016,Mountain,N,"137,361","128,919","141,665","12,746",,,,,,,,,,"6,361","22,365","5,293","7,995","-2,836","-26,918",843,,,,,,,,,,,,,,,
PACE,11Jul2016,Mountain,N,"139,345","121,643","140,243","18,600",,,,,,,,,,"10,231","28,350","4,136","8,051","-4,749","-26,009",-964,,,,,,,,,,,,,,,
PACE,12Jul2016,Mountain,N,"144,429","128,856","140,972","12,116",,,,,,,,,,"10,904","26,181","2,869","6,756","-3,945","-25,793","-4,461",,,,,,,,,,,,,,,
PACE,13Jul2016,Mountain,N,"147,140","137,259","148,540","11,281",,,,,,,,,,"11,921","24,875","3,632","8,138","-2,928","-28,443","-5,529",,,,,,,,,,,,,,,
PACE,14Jul2016,Mountain,N,"153,539","143,372","143,655",283,,,,,,,,,,"11,176","23,790","2,621","6,769","-3,000","-29,007","-11,700",,,,,,,,,,,,,,,
PACE,15Jul2016,Mountain,N,"156,964","144,897","147,148","2,251",,,,,,,,,,"11,115","21,832","2,420","7,469","-3,532","-27,488","-9,237",,,,,,,,,,,,,,,
PACE,16Jul2016,Mountain,N,"152,979","140,334","145,518","5,184",,,,,,,,,,"9,544","21,596","2,100","7,309","-3,522","-25,079","-6,427",,,,,,,,,,,,,,,
PACE,17Jul2016,Mountain,N,"150,750","135,843","132,369","-3,474",,,,,,,,,,"9,256","23,354","1,614","6,046","-4,269","-28,322","-10,809",,,,,,,,,,,,,,,
PACE,18Jul2016,Mountain,N,"164,738","164,738","132,740",,,,,,,,,,,"7,185","20,534","-1,344","4,655","-4,943","-27,178","-9,974",,,,,,,,,,,,,,,
PACE,19Jul2016,Mountain,N,"167,044","156,885","177,233","-9,561",,,,,,,,,,"9,752","19,612","-2,086","6,039","-3,842","-28,675","-10,087",,,,,,,,,,,,,,,
PACE,20Jul2016,Mountain,N,"165,220","156,993","147,823","-8,701",,,,,,,,,,"9,510","20,301","1,089","5,220","-3,318","-29,663","-11,489",,,,,,,,,,,,,,,
PACE,21Jul2016,Mountain,N,"166,469","155,242","148,666","-6,576",,,,,,,,,,"9,743","23,049","-2,544","5,597","-1,459","-28,639","-12,006",,,,,,,,,,,,,,,
PACE,22Jul2016,Mountain,N,"162,993","155,535","151,061","-4,474",,,,,,,,,,"10,349","18,100","2,695","6,756","-4,454","-28,529","-9,058",,,,,,,,,,,,,,,
PACE,23Jul2016,Mountain,N,"148,310","138,860","146,599","7,739",,,,,,,,,,"11,658","22,925","3,072","8,881","-1,869","-29,746","-6,829",,,,,,,,,,,,,,,
PACE,24Jul2016,Mountain,N,"142,120","135,434","145,413","9,979",,,,,,,,,,"10,502","29,188","2,620","8,417","-1,112","-29,338","-9,939",,,,,,,,,,,,,,,
PACE,25Jul2016,Mountain,N,"149,110","147,049","144,699","-2,350",,,,,,,,,,"9,289","27,201",-581,"7,409","-2,838","-29,096","-13,398",,,,,,,,,,,,,,,
PACE,26Jul2016,Mountain,N,"167,521","153,389","148,121","-5,268",,,,,,,,,,"9,461","23,884","1,344","6,136","-2,551","-28,950","-14,263",,,,,,,,,,,,,,,
PACE,27Jul2016,Mountain,N,"167,729","151,976","150,998",-978,,,,,,,,,,"8,869","27,432","2,449","6,321","-2,105","-28,785","-14,827",,,,,,,,,,,,,,,
PACE,28Jul2016,Mountain,N,"166,044","151,994","148,510","-3,484",,,,,,,,,,"8,269","27,955",321,"7,938","-3,369","-29,040","-15,245",,,,,,,,,,,,,,,
PACE,29Jul2016,Mountain,N,"162,707","149,715","145,480","-4,235",,,,,,,,,,"6,565","26,060",680,"7,412","-2,219","-28,408","-13,992",,,,,,,,,,,,,,,
PACE,30Jul2016,Mountain,N,"156,987","142,910","147,708","4,798",,,,,,,,,,"8,387","24,979","2,212","8,881","-2,515","-27,522","-9,261",,,,,,,,,,,,,,,
PACE,31Jul2016,Mountain,N,"151,426","142,624","157,133","14,509",,,,,,,,,,"8,692","28,035","4,905","8,848","-1,341","-27,946","-6,314",,,,,,,,,,,,,,,
PACE,01Aug2016,Mountain,N,"156,195","152,065","152,592",527,,,,,,,,,,"8,253","24,223","2,293","6,698","-1,905","-29,635","-9,025",,,,,,,,,,,,,,,
PACE,02Aug2016,Mountain,N,"161,339","151,881","151,173",-708,,,,,,,,,,"7,847","24,368","2,276","6,431","-3,269","-27,820","-10,185",,,,,,,,,,,,,,,
PACE,03Aug2016,Mountain,N,"158,452","151,007","155,227","4,220",,,,,,,,,,"8,071","26,593","3,467","6,807","-2,459","-29,743","-8,133",,,,,,,,,,,,,,,
PACE,04Aug2016,Mountain,N,"153,359","138,115","132,802","-5,313",,,,,,,,,,"6,498","26,688",-729,"4,570","-3,217","-26,211","-12,511",,,,,,,,,,,,,,,
PACE,05Aug2016,Mountain,N,"154,341","135,076","139,288","4,212",,,,,,,,,,"6,895","30,084","1,500","6,094","-2,867","-28,177","-8,923",,,,,,,,,,,,,,,
PACE,06Aug2016,Mountain,N,"149,210","132,576","130,557","-2,019",,,,,,,,,,"8,470","25,261",837,"5,968","-3,010","-28,699","-10,463",,,,,,,,,,,,,,,
PACE,07Aug2016,Mountain,N,"148,277","128,899","122,216","-6,683",,,,,,,,,,"6,673","22,833","3,570","4,826","-3,625","-27,225","-13,396",,,,,,,,,,,,,,,
PACE,08Aug2016,Mountain,N,"157,601","140,804","140,224",-580,,,,,,,,,,"7,827","24,008","1,183","6,554","-3,302","-27,056","-9,448",,,,,,,,,,,,,,,
PACE,09Aug2016,Mountain,N,"152,039","152,039","141,040",,,,,,,,,,,"7,204","26,700","3,547","6,755","-1,910","-29,534","-8,253",,,,,,,,,,,,,,,
PACE,10Aug2016,Mountain,N,"145,978","138,358","182,635","12,434",,,,,,,,,,"9,098","31,728","3,209","8,018","-2,203","-29,240","-7,775",,,,,,,,,,,,,,,
PACE,11Aug2016,Mountain,N,"139,656","134,482","146,215","14,229",,,,,,,,,,"10,599","30,467","2,498","9,076","-2,427","-26,553","-9,037",,,,,,,,,,,,,,,
PACE,12Aug2016,Mountain,N,"146,335","130,861","141,152","10,291",,,,,,,,,,"10,809","35,468","1,805","8,231","-1,987","-29,426","-14,212",,,,,,,,,,,,,,,
PACE,13Aug2016,Mountain,N,"142,503","126,923","140,380","13,457",,,,,,,,,,"10,369","37,052","2,328","8,541","-1,494","-29,079","-13,876",,,,,,,,,,,,,,,
PACE,14Aug2016,Mountain,N,"144,624","129,853","139,495","9,642",,,,,,,,,,"10,131","30,109","4,342","7,415","-1,270","-28,475","-12,240",,,,,,,,,,,,,,,
PACE,15Aug2016,Mountain,N,"157,302","136,020","136,973",953,,,,,,,,,,"10,503","24,804","2,594","6,225",-349,"-29,772","-12,701",,,,,,,,,,,,,,,
PACE,16Aug2016,Mountain,N,"150,122","143,984","131,606","-12,378",,,,,,,,,,"8,365","21,264",-715,"4,085","-1,623","-29,120","-14,201",,,,,,,,,,,,,,,
PACE,17Aug2016,Mountain,N,"151,227","141,923","141,767",-156,,,,,,,,,,"9,310","27,355","2,146","4,992",-801,"-29,848","-13,406",,,,,,,,,,,,,,,
PACE,18Aug2016,Mountain,N,"149,375","149,375","142,681",,,,,,,,,,,"9,280","32,692","1,189","5,308",-88,"-26,986","-14,059",,,,,,,,,,,,,,,
PACE,19Aug2016,Mountain,N,"148,031","141,310","180,375","8,031",,,,,,,,,,"9,966","31,961","2,276","6,820",-872,"-28,839","-12,900",,,,,,,,,,,,,,,
PACE,20Aug2016,Mountain,N,"135,862","104,418","104,254","2,062",,,,,,,,,,"8,992","30,017",200,"5,789","-1,834","-28,420","-12,278",,,,,,,,,,,,,,,
PACE,21Aug2016,Mountain,N,"136,360","127,545","124,653","-2,892",,,,,,,,,,"8,770","24,650","2,695","4,736","-3,157","-29,108","-11,078",,,,,,,,,,,,,,,
PACE,22Aug2016,Mountain,N,"147,911","147,911","125,229",,,,,,,,,,,"9,922","24,836","1,022","5,358","-3,171","-28,303","-10,151",,,,,,,,,,,,,,,
PACE,23Aug2016,Mountain,N,"141,163","140,007","171,971","3,330",,,,,,,,,,"9,007","28,922","2,939","5,171","-1,362","-29,282","-11,631",,,,,,,,,,,,,,,
PACE,24Aug2016,Mountain,N,"139,255","132,361","158,052","3,412",,,,,,,,,,"8,779","31,385","1,105","6,111",-124,"-29,582","-13,836",,,,,,,,,,,,,,,
PACE,25Aug2016,Mountain,N,"139,481","125,060","131,569","7,250",,,,,,,,,,"9,424","34,070","1,737","5,361",235,"-29,888","-13,233",,,,,,,,,,,,,,,
PACE,26Aug2016,Mountain,N,"133,221","128,427","134,506","6,079",,,,,,,,,,"7,364","36,675","2,576","4,923",-915,"-29,931","-14,169",,,,,,,,,,,,,,,
PACE,27Aug2016,Mountain,N,"131,214","123,560","131,389","7,829",,,,,,,,,,"7,129","33,985","2,705","5,351","-2,413","-26,215","-12,253",,,,,,,,,,,,,,,
PACE,28Aug2016,Mountain,N,"133,038","124,706","137,627","12,921",,,,,,,,,,"8,044","34,060","2,511","6,562","-1,616","-25,730","-10,487",,,,,,,,,,,,,,,
PACE,29Aug2016,Mountain,N,"147,129","138,720","145,316","6,596",,,,,,,,,,"7,932","32,782","2,061","6,639",-929,"-29,517","-11,970",,,,,,,,,,,,,,,
PACE,30Aug2016,Mountain,N,"154,398","143,889","146,109","2,220",,,,,,,,,,"6,498","29,256","2,888","6,376",-224,"-29,560","-12,621",,,,,,,,,,,,,,,
PACE,31Aug2016,Mountain,N,"156,688","145,040","147,492","2,452",,,,,,,,,,"7,596","27,334","2,831","6,671",161,"-29,237","-12,523",,,,,,,,,,,,,,,
PACE,01Sep2016,Mountain,N,"150,430","139,655","147,852","8,197",,,,,,,,,,"9,751","30,493","2,407","7,461",894,"-28,659","-13,750",,,,,,,,,,,,,,,
PACE,02Sep2016,Mountain,N,"143,745","140,237","142,529","2,292",,,,,,,,,,"9,422","27,069","3,366","7,348",-743,"-29,156","-14,644",,,,,,,,,,,,,,,
PACE,03Sep2016,Mountain,N,"134,231","128,748","134,114","5,366",,,,,,,,,,"8,430","27,722","4,058","5,999","-2,579","-22,547","-15,314",,,,,,,,,,,,,,,
PACE,04Sep2016,Mountain,N,"123,125","115,666","123,506","7,840",,,,,,,,,,"6,072","26,186","4,163","6,321","-2,681","-19,951","-11,847",,,,,,,,,,,,,,,
PACE,05Sep2016,Mountain,N,"121,464","119,578","133,641","14,063",,,,,,,,,,"7,648","24,598","4,145","6,577","-1,578","-15,356","-11,486",,,,,,,,,,,,,,,
PACE,06Sep2016,Mountain,N,"129,300","132,131","147,134","15,003",,,,,,,,,,"9,174","25,424","4,945","7,028","-1,840","-18,016","-11,256",,,,,,,,,,,,,,,
PACE,07Sep2016,Mountain,N,"132,377","130,449","150,847","20,398",,,,,,,,,,"11,023","29,029","4,488","9,427","-1,330","-21,010","-10,800",,,,,,,,,,,,,,,
PACE,08Sep2016,Mountain,N,"134,335","134,335","151,463",,,,,,,,,,,"11,692","23,566","5,037","9,428","-1,915","-21,594","-7,299",,,,,,,,,,,,,,,
PACE,09Sep2016,Mountain,N,"130,772","126,960","157,205","7,413",,,,,,,,,,"10,813","24,526","3,848","7,856","-3,288","-22,943","-12,955",,,,,,,,,,,,,,,
PACE,10Sep2016,Mountain,N,"126,237","126,237","157,894",,,,,,,,,,,"9,495","28,047","4,669","8,234","-3,694","-23,177","-11,891",,,,,,,,,,,,,,,
PACE,11Sep2016,Mountain,N,"130,057","120,848","159,949","16,616",,,,,,,,,,"9,346","26,870","5,274","7,597","-2,063","-21,689","-8,334",,,,,,,,,,,,,,,
PACE,12Sep2016,Mountain,N,"134,445","136,659","146,862","7,449",,,,,,,,,,"11,058","23,882","3,056","6,154","-1,084","-23,300","-11,907",,,,,,,,,,,,,,,
PACE,13Sep2016,Mountain,N,"131,466","122,518","137,123","14,605",,,,,,,,,,"12,342","26,544","3,439","6,571",-328,"-22,561","-10,944",,,,,,,,,,,,,,,
PACE,14Sep2016,Mountain,N,"128,828","128,828","136,665",,,,,,,,,,,"12,191","22,808","4,290","6,451",29,"-17,748","-12,139",,,,,,,,,,,,,,,
PACE,15Sep2016,Mountain,N,"125,111","119,374","159,153","17,374",,,,,,,,,,"12,698","27,205","2,282","8,917",-346,"-21,555","-11,321",,,,,,,,,,,,,,,
PACE,16Sep2016,Mountain,N,"124,019","120,722","136,209","15,725",,,,,,,,,,"11,780","28,522","4,114","7,602",-874,"-23,155","-11,755",,,,,,,,,,,,,,,
PACE,17Sep2016,Mountain,N,"122,342","116,769","135,102","18,333",,,,,,,,,,"9,928","25,243","5,575","8,558",-894,"-20,372","-9,225",,,,,,,,,,,,,,,
PACE,18Sep2016,Mountain,N,"123,082","116,937","141,686","24,749",,,,,,,,,,"11,113","27,962","6,108","9,869","-1,937","-20,776","-7,161",,,,,,,,,,,,,,,
PACE,19Sep2016,Mountain,N,"136,045","136,045","141,796",,,,,,,,,,,"11,486","25,690","3,513","8,638","-2,510","-20,252","-10,479",,,,,,,,,,,,,,,
PACE,20Sep2016,Mountain,N,"134,118","131,564","169,347","13,248",,,,,,,,,,"11,691","25,875","4,201","9,022","-3,309","-19,316","-14,455",,,,,,,,,,,,,,,
PACE,21Sep2016,Mountain,N,"133,791","132,732","143,087","10,328",,,,,,,,,,"13,385","17,716","3,815","7,198","-2,808","-14,339","-14,261",,,,,,,,,,,,,,,
PACE,22Sep2016,Mountain,N,"127,352","125,785","137,707","11,922",,,,,,,,,,"12,694","15,843","3,087","6,370",319,"-15,345","-10,695",,,,,,,,,,,,,,,
PACE,23Sep2016,Mountain,N,"122,688","121,301","126,226","4,925",,,,,,,,,,"9,097","10,190","6,789","3,738","-1,385","-11,932","-11,013",,,,,,,,,,,,,,,
PACE,24Sep2016,Mountain,N,"116,161","115,656","131,077","15,421",,,,,,,,,,"10,182","14,390","7,837","5,786",-940,"-14,755","-6,549",,,,,,,,,,,,,,,
PACE,25Sep2016,Mountain,N,"115,040","109,625","121,459","11,834",,,,,,,,,,"9,505","19,491","3,604","6,296",-833,"-14,961","-10,765",,,,,,,,,,,,,,,
PACE,26Sep2016,Mountain,N,"124,234","119,078","120,810","1,732",,,,,,,,,,"8,485","22,715","1,728","7,351","-2,056","-21,379","-14,605",,,,,,,,,,,,,,,
PACE,27Sep2016,Mountain,N,"129,970","122,703","123,809","1,106",,,,,,,,,,"7,315","21,141","3,895","7,405","-2,677","-22,633","-12,903",,,,,,,,,,,,,,,
PACE,28Sep2016,Mountain,N,"130,417","124,602","128,139","3,537",,,,,,,,,,"8,408","22,403","4,062","7,234","-2,565","-23,590","-11,946",,,,,,,,,,,,,,,
PACE,29Sep2016,Mountain,N,"132,310","128,736","130,796","2,060",,,,,,,,,,"8,497","20,459","4,106","7,925","-1,498","-23,039","-13,902",,,,,,,,,,,,,,,
PACE,30Sep2016,Mountain,N,"128,944","125,911","121,971","-3,940",,,,,,,,,,"7,054","17,791","2,878","5,822","-1,307","-23,068","-12,635",,,,,,,,,,,,,,,
PACE,01Oct2016,Mountain,N,"123,155","117,731","107,087","-10,644",,,,,,,,,,926,"19,770","1,384","6,197","-2,085","-22,903","-13,473",,,,,,,,,,,,,,,
PACE,02Oct2016,Mountain,N,"122,892","113,977","102,569","-11,408",,,,,,,,,,579,"20,030",244,"4,721","-1,074","-22,434","-13,050",,,,,,,,,,,,,,,
PACE,03Oct2016,Mountain,N,"124,245","121,544","126,257","4,713",,,,,,,,,,"1,221","21,429","3,511","8,186",-388,"-21,138","-7,640",,,,,,,,,,,,,,,
PACE,04Oct2016,Mountain,N,"124,562","116,681","128,679","11,998",,,,,,,,,,94,"23,965","6,713","6,662","-1,216","-19,680","-3,994",,,,,,,,,,,,,,,
PACE,05Oct2016,Mountain,N,"125,724","117,150","127,348","10,198",,,,,,,,,,"2,500","25,035","3,842","8,259",70,"-21,052","-7,890",,,,,,,,,,,,,,,
PACE,06Oct2016,Mountain,N,"124,612","118,362","117,387",-975,,,,,,,,,,"1,134","22,037","3,283","6,832",325,"-23,257","-10,781",,,,,,,,,,,,,,,
PACE,07Oct2016,Mountain,N,"121,987","119,681","128,573","8,892",,,,,,,,,,"5,754","17,226","7,201","5,995",-170,"-19,651","-6,931",,,,,,,,,,,,,,,
PACE,08Oct2016,Mountain,N,"116,371","116,121","126,259","10,138",,,,,,,,,,"8,800","18,959","7,471","7,676","-1,338","-20,766","-10,160",,,,,,,,,,,,,,,
PACE,09Oct2016,Mountain,N,"114,775","113,248","133,332","20,084",,,,,,,,,,"9,176","22,716","7,597","9,309",-910,"-21,699","-5,633",,,,,,,,,,,,,,,
PACE,10Oct2016,Mountain,N,"126,522","120,126","137,866","17,740",,,,,,,,,,"8,171","26,729","5,753","8,522",-701,"-21,957","-8,321",,,,,,,,,,,,,,,
PACE,11Oct2016,Mountain,N,"126,219","124,595","126,687","2,092",,,,,,,,,,"5,942","22,876","2,957","8,094",656,"-23,962","-14,011",,,,,,,,,,,,,,,
PACE,12Oct2016,Mountain,N,"124,693","119,862","127,663","7,801",,,,,,,,,,"6,883","24,021","4,610","8,345",-299,"-22,721","-12,537",,,,,,,,,,,,,,,
PACE,13Oct2016,Mountain,N,"124,251","120,119","135,372","15,253",,,,,,,,,,"9,875","22,626","7,116","10,038",-609,"-22,661","-10,523",,,,,,,,,,,,,,,
PACE,14Oct2016,Mountain,N,"124,553","119,340","143,728","24,388",,,,,,,,,,"10,178","16,016","7,195","11,085","-1,241","-10,325","-8,073",,,,,,,,,,,,,,,
PACE,15Oct2016,Mountain,N,"116,886","111,182","130,041","18,859",,,,,,,,,,"9,233","21,242","6,347","10,646","-2,119","-14,778","-11,271",,,,,,,,,,,,,,,
PACE,16Oct2016,Mountain,N,"117,596","110,580","137,913","27,333",,,,,,,,,,"11,188","25,134","6,670","11,457",-321,"-19,246","-7,098",,,,,,,,,,,,,,,
PACE,17Oct2016,Mountain,N,"123,844","117,880","140,598","22,718",,,,,,,,,,"10,541","21,826","7,182","9,154","-1,343","-17,289","-6,843",,,,,,,,,,,,,,,
PACE,18Oct2016,Mountain,N,"123,844","118,321","136,227","17,906",,,,,,,,,,"9,201","21,519","7,321","10,250","-2,610","-17,577","-9,672",,,,,,,,,,,,,,,
PACE,19Oct2016,Mountain,N,"126,498","119,193","134,496","15,303",,,,,,,,,,"10,369","21,280","9,038","9,901","-4,347","-18,554","-11,850",,,,,,,,,,,,,,,
PACE,20Oct2016,Mountain,N,"125,822","119,208","141,582","22,374",,,,,,,,,,"11,899","20,054","9,639","10,216","-1,937","-19,522","-7,466",,,,,,,,,,,,,,,
PACE,21Oct2016,Mountain,N,"122,248","116,123","141,552","25,429",,,,,,,,,,"12,274","23,535","9,730","12,022",-403,"-22,804","-8,465",,,,,,,,,,,,,,,
PACE,22Oct2016,Mountain,N,"116,549","108,961","130,713","21,752",,,,,,,,,,"4,622","23,150","8,910","11,637","-1,082","-15,204","-9,839",,,,,,,,,,,,,,,
PACE,23Oct2016,Mountain,N,"115,132","108,170","121,636","13,466",,,,,,,,,,"6,127","28,938","6,615","9,537","-1,416","-23,159","-12,732",,,,,,,,,,,,,,,
PACE,24Oct2016,Mountain,N,"124,616","121,163","130,729","9,566",,,,,,,,,,"4,576","23,142","8,148","8,459","-2,063","-20,179","-12,052",,,,,,,,,,,,,,,
PACE,25Oct2016,Mountain,N,"122,655","117,288","133,860","16,572",,,,,,,,,,"4,758","23,885","5,409","11,079","-1,224","-17,158","-9,710",,,,,,,,,,,,,,,
PACE,26Oct2016,Mountain,N,"123,960","119,520","145,317","25,797",,,,,,,,,,"10,585","22,981","6,315","11,182",-899,"-14,211","-9,668",,,,,,,,,,,,,,,
PACE,27Oct2016,Mountain,N,"125,561","123,689","146,224","22,535",,,,,,,,,,"13,240","22,854","6,133","9,182",-425,"-19,402","-8,466",,,,,,,,,,,,,,,
PACE,28Oct2016,Mountain,N,"124,104","115,617","141,246","25,629",,,,,,,,,,"12,775","25,044","6,195","9,081",-759,"-14,946","-11,329",,,,,,,,,,,,,,,
PACE,29Oct2016,Mountain,N,"117,665","112,820","140,748","27,928",,,,,,,,,,"12,504","23,325","5,558","10,546",-683,"-10,183","-12,674",,,,,,,,,,,,,,,
PACE,30Oct2016,Mountain,N,"114,009","110,428","139,390","28,962",,,,,,,,,,"12,753","24,879","7,190","10,153",-595,"-15,052","-9,915",,,,,,,,,,,,,,,
PACE,31Oct2016,Mountain,N,"121,764","112,469","129,828","17,359",,,,,,,,,,"3,360","23,578","7,967","6,581","-2,268","-10,351","-10,568",,,,,,,,,,,,,,,
PACE,01Nov2016,Mountain,N,"125,806","118,109","119,823","1,714",,,,,,,,,,"1,963","21,779","3,244","6,019","-4,183","-13,339","-13,243",,,,,,,,,,,,,,,
PACE,02Nov2016,Mountain,N,"126,743","117,915","124,441","6,526",,,,,,,,,,"1,835","22,199","3,745","8,286","-4,831","-13,063","-11,117",,,,,,,,,,,,,,,
PACE,03Nov2016,Mountain,N,"124,582","117,874","119,382","1,508",,,,,,,,,,"2,115","20,455","3,735","8,026","-5,166","-16,483","-10,599",,,,,,,,,,,,,,,
PACE,04Nov2016,Mountain,N,"124,766","115,970","118,248","2,278",,,,,,,,,,"2,847","25,259","3,997","6,406","-3,486","-21,507","-10,717",,,,,,,,,,,,,,,
PACE,05Nov2016,Mountain,N,"118,598","110,356","117,019","6,663",,,,,,,,,,"6,514","25,604","3,717","6,092","-2,869","-20,482","-11,402",,,,,,,,,,,,,,,
PACE,06Nov2016,Mountain,N,"120,835","114,543","135,684","21,141",,,,,,,,,,"10,660","26,911","4,207","8,398","-3,353","-17,659","-7,510",,,,,,,,,,,,,,,
PACE,07Nov2016,Mountain,N,"125,486","120,090","126,158","6,068",,,,,,,,,,"5,636","22,239","3,620","7,600","-4,488","-15,864","-12,176",,,,,,,,,,,,,,,
PACE,08Nov2016,Mountain,N,"124,913","124,913","126,297",,,,,,,,,,,"4,337","17,151","4,238","7,657","-4,701","-15,026","-8,663",,,,,,,,,,,,,,,
PACE,09Nov2016,Mountain,N,"123,437","120,956","151,484","11,766",,,,,,,,,,"4,261","19,940","4,791","7,434","-3,675","-16,517","-3,968",,,,,,,,,,,,,,,
PACE,10Nov2016,Mountain,N,"124,052","121,679","149,738","9,303",,,,,,,,,,"4,409","22,112","4,335","7,550","-3,175","-17,304","-8,113",,,,,,,,,,,,,,,
PACE,11Nov2016,Mountain,N,"121,024","118,803","127,933","9,496",,,,,,,,,,"6,610","23,556","4,000","6,459","-4,062","-17,912","-8,662",,,,,,,,,,,,,,,
PACE,12Nov2016,Mountain,N,"117,383","113,148","129,690","16,542",,,,,,,,,,"4,558","20,152","4,724","8,488","-2,004","-13,454","-5,429",,,,,,,,,,,,,,,
PACE,13Nov2016,Mountain,N,"115,402","108,188","127,685","19,497",,,,,,,,,,"5,369","25,522","5,410","7,060","-1,587","-14,543","-7,226",,,,,,,,,,,,,,,
PACE,14Nov2016,Mountain,N,"124,035","117,626","136,758","19,132",,,,,,,,,,"5,820","23,384","6,331","7,345","-2,463","-14,548","-6,251",,,,,,,,,,,,,,,
PACE,15Nov2016,Mountain,N,"122,054","120,590","135,367","14,777",,,,,,,,,,"5,997","21,900","6,018","6,447","-2,323","-12,285","-10,560",,,,,,,,,,,,,,,
PACE,16Nov2016,Mountain,N,"125,245","120,590","127,576","6,986",,,,,,,,,,"2,175","22,376","6,526","6,298","-2,287","-18,375","-9,238",,,,,,,,,,,,,,,
PACE,17Nov2016,Mountain,N,"131,834","124,700","124,370",-330,,,,,,,,,,147,"25,374","6,510","4,885","-2,691","-21,869","-12,136",,,,,,,,,,,,,,,
PACE,18Nov2016,Mountain,N,"131,480","122,741","123,233",492,,,,,,,,,,610,"25,448","5,425","4,583","-1,893","-23,812","-9,317",,,,,,,,,,,,,,,
PACE,19Nov2016,Mountain,N,"122,100","122,100","123,734",,,,,,,,,,,"1,964","23,931","6,028","5,682","-1,099","-18,883","-6,001",,,,,,,,,,,,,,,
PACE,20Nov2016,Mountain,N,"117,361","112,715","150,991","20,322",,,,,,,,,,"4,568","26,494","6,500","7,823","-2,494","-20,173","-1,889",,,,,,,,,,,,,,,
PACE,21Nov2016,Mountain,N,"127,334","124,053","118,292","-5,814",,,,,,,,,,-517,"19,905","4,554","4,742","-2,955","-20,275","-10,703",,,,,,,,,,,,,,,
PACE,22Nov2016,Mountain,N,"132,277","123,550","114,419","-9,131",,,,,,,,,,"-1,963","21,599","2,953","6,910","-2,381","-23,333","-12,343",,,,,,,,,,,,,,,
PACE,23Nov2016,Mountain,N,"132,666","124,753","123,820",-933,,,,,,,,,,"-1,663","19,742","4,487","5,526","-3,608","-20,041","-4,806",,,,,,,,,,,,,,,
PACE,24Nov2016,Mountain,N,"123,108","116,823","118,632","1,809",,,,,,,,,,-233,"24,605","5,261","5,101","-1,961","-19,498","-10,890",,,,,,,,,,,,,,,
PACE,25Nov2016,Mountain,N,"123,595","119,350","121,649","2,299",,,,,,,,,,335,"20,422","3,699","3,941","-3,544","-15,931","-6,063",,,,,,,,,,,,,,,
PACE,26Nov2016,Mountain,N,"124,386","120,379","124,566","4,187",,,,,,,,,,"1,669","23,908","4,164","5,548","-4,022","-20,275","-6,255",,,,,,,,,,,,,,,
PACE,27Nov2016,Mountain,N,"124,270","119,619","127,353","7,734",,,,,,,,,,737,"23,257","5,500","6,130","-2,803","-18,039","-6,481",,,,,,,,,,,,,,,
PACE,28Nov2016,Mountain,N,"136,215","130,945","136,078","5,133",,,,,,,,,,"1,353","20,021","5,561","6,865","-3,758","-18,030","-6,303",,,,,,,,,,,,,,,
PACE,29Nov2016,Mountain,N,"136,396","127,198","130,609","3,411",,,,,,,,,,-781,"26,164","5,198","5,071","-2,376","-22,065","-7,221",,,,,,,,,,,,,,,
PACE,30Nov2016,Mountain,N,"139,491","128,459","137,068","8,609",,,,,,,,,,"1,489","26,523","5,457","5,489","-1,811","-21,558","-6,402",,,,,,,,,,,,,,,
PACE,01Dec2016,Mountain,N,"142,260","128,720","131,276","2,556",,,,,,,,,,"3,078","25,209","3,251","8,204","-3,429","-27,072","-6,107",,,,,,,,,,,,,,,
PACE,02Dec2016,Mountain,N,"142,733","130,442","122,317","-8,125",,,,,,,,,,"1,619","21,556","3,029","5,353","-4,371","-24,459","-10,272",,,,,,,,,,,,,,,
PACE,03Dec2016,Mountain,N,"130,329","130,329","122,970",,,,,,,,,,,"4,513","28,873","7,494","9,211",-590,"-23,683","-4,215",,,,,,,,,,,,,,,
PACE,04Dec2016,Mountain,N,"130,795","123,507","159,857","20,199",,,,,,,,,,"4,198","29,641","7,332","11,065",-549,"-23,304","-7,627",,,,,,,,,,,,,,,
PACE,05Dec2016,Mountain,N,"141,914","141,914","159,912",,,,,,,,,,,"5,580","33,494","4,843","8,919","-1,256","-27,032","-12,209",,,,,,,,,,,,,,,
PACE,06Dec2016,Mountain,N,"142,011","136,145","164,163","4,663",,,,,,,,,,"8,816","30,882","2,833","6,153","-2,665","-30,805","-9,976",,,,,,,,,,,,,,,
PACE,07Dec2016,Mountain,N,"145,444","140,076","132,511","-7,565",,,,,,,,,,"7,166","26,138",246,"3,552","-1,894","-30,165","-12,025",,,,,,,,,,,,,,,
PACE,08Dec2016,Mountain,N,"143,657","138,907","133,000","-5,907",,,,,,,,,,"8,481","24,402","2,192","2,862","-1,113","-30,342","-11,823",,,,,,,,,,,,,,,
PACE,09Dec2016,Mountain,N,"137,710","131,977","147,645","15,668",,,,,,,,,,"9,253","33,154","7,203","5,889","1,252","-31,110","-9,419",,,,,,,,,,,,,,,
PACE,10Dec2016,Mountain,N,"132,636","122,563","159,578","37,015",,,,,,,,,,"11,419","43,162","7,858","9,514","1,372","-29,499","-6,273",,,,,,,,,,,,,,,
PACE,11Dec2016,Mountain,N,"132,745","121,454","149,953","28,499",,,,,,,,,,"12,618","41,113","7,154","8,782",-115,"-28,283","-12,214",,,,,,,,,,,,,,,
PACE,12Dec2016,Mountain,N,"141,618","130,580","156,414","25,834",,,,,,,,,,"10,444","39,858","7,433","6,803",-214,"-28,189","-9,740",,,,,,,,,,,,,,,
PACE,13Dec2016,Mountain,N,"142,697","131,056","146,969","15,913",,,,,,,,,,"6,772","37,858","4,986","4,288",-855,"-26,983","-9,592",,,,,,,,,,,,,,,
PACE,14Dec2016,Mountain,N,"140,663","134,955","144,136","9,181",,,,,,,,,,"8,354","36,130","3,605","4,909",-131,"-30,852","-12,302",,,,,,,,,,,,,,,
PACE,15Dec2016,Mountain,N,"136,434","130,649","155,342","24,693",,,,,,,,,,"10,349","41,323","7,441","6,648",770,"-30,433","-10,883",,,,,,,,,,,,,,,
PACE,16Dec2016,Mountain,N,"142,963","136,281","141,994","5,713",,,,,,,,,,"7,646","30,934","5,562","4,498",-327,"-29,009","-13,028",,,,,,,,,,,,,,,
PACE,17Dec2016,Mountain,N,"140,994","133,157","145,497","12,340",,,,,,,,,,"7,589","32,304","3,058","4,402",-407,"-26,610","-7,408",,,,,,,,,,,,,,,
PACE,18Dec2016,Mountain,N,"137,994","132,800","155,029","22,229",,,,,,,,,,"9,241","36,091","3,847","7,295","-2,476","-27,531","-3,648",,,,,,,,,,,,,,,
PACE,19Dec2016,Mountain,N,"149,568","142,809","159,491","16,682",,,,,,,,,,"7,517","30,617","5,193","5,684","-1,186","-23,969","-6,588",,,,,,,,,,,,,,,
PACE,20Dec2016,Mountain,N,"149,227","138,628","159,136","20,508",,,,,,,,,,"8,899","26,409","6,394","6,278",613,"-22,505","-5,025",,,,,,,,,,,,,,,
PACE,21Dec2016,Mountain,N,"145,697","138,412","147,367","8,955",,,,,,,,,,"11,325","26,055","2,124","6,826","-1,195","-25,383","-10,221",,,,,,,,,,,,,,,
PACE,22Dec2016,Mountain,N,"145,767","137,972","138,723",751,,,,,,,,,,"10,549","25,841","2,784","6,317","-1,496","-29,528","-13,105",,,,,,,,,,,,,,,
PACE,23Dec2016,Mountain,N,"142,274","134,546","148,581","14,035",,,,,,,,,,"8,718","28,730","5,514","7,199","2,564","-27,627","-10,492",,,,,,,,,,,,,,,
PACE,24Dec2016,Mountain,N,"133,975","127,184","142,356","15,172",,,,,,,,,,"8,922","30,876","5,781","8,416","1,113","-27,335","-12,034",,,,,,,,,,,,,,,
PACE,25Dec2016,Mountain,N,"127,525","129,324","150,000","20,676",,,,,,,,,,"9,732","31,259","8,140","8,826",-563,"-27,908","-8,232",,,,,,,,,,,,,,,
PACE,26Dec2016,Mountain,N,"149,123","125,836","152,625","26,789",,,,,,,,,,"8,907","37,574","7,759","9,247","-1,292","-28,170","-6,650",,,,,,,,,,,,,,,
PACE,27Dec2016,Mountain,N,"148,694","135,040","152,441","17,401",,,,,,,,,,"8,155","30,025","6,188","6,881","-1,594","-21,891","-9,793",,,,,,,,,,,,,,,
PACE,28Dec2016,Mountain,N,"144,688","131,121","148,453","17,332",,,,,,,,,,"7,881","30,618","5,680","7,593","-1,654","-22,654","-9,561",,,,,,,,,,,,,,,
PACE,29Dec2016,Mountain,N,"143,758","136,705","146,496","9,791",,,,,,,,,,"6,803","28,617","4,109","6,035",-445,"-23,411","-11,342",,,,,,,,,,,,,,,
PACE,30Dec2016,Mountain,N,"141,371","136,616","153,396","16,780",,,,,,,,,,"8,540","31,498","6,332","6,939",-746,"-24,671","-10,557",,,,,,,,,,,,,,,
PACE,31Dec2016,Mountain,N,"133,072","127,990","147,242","19,252",,,,,,,,,,"8,818","36,456","5,376","7,921",-580,"-28,453","-9,709",,,,,,,,,,,,,,,
PACE,01Jan2017,Mountain,N,"128,728","123,511","140,312","16,801",,,,,,,,,,"7,131","32,804","5,067","5,468",-849,"-21,996","-10,258",,,,,,,,,,,,,,,
PACE,02Jan2017,Mountain,N,"140,104","131,772","140,451","8,679",,,,,,,,,,"8,345","34,588","3,620","5,786",-117,"-28,692","-14,279",,,,,,,,,,,,,,,
PACE,03Jan2017,Mountain,N,"144,446","138,339","144,026","5,687",,,,,,,,,,"7,575","31,674","2,753","5,549",567,"-28,514","-13,348",,,,,,,,,,,,,,,
PACE,04Jan2017,Mountain,N,"145,200","139,059","140,512","1,453",,,,,,,,,,"7,793","27,313","2,864","4,689","-1,524","-29,608","-9,519",,,,,,,,,,,,,,,
PACE,05Jan2017,Mountain,N,"148,260","140,923","143,554","2,631",,,,,,,,,,"8,156","31,285","1,217","2,670","1,084","-29,229","-11,970",,,,,,,,,,,,,,,
PACE,06Jan2017,Mountain,N,"151,305","145,184","154,706","9,522",,,,,,,,,,"9,637","30,560","1,511","4,338",139,"-29,519","-6,636",,,,,,,,,,,,,,,
PACE,07Jan2017,Mountain,N,"142,154","139,953","149,631","9,678",,,,,,,,,,"10,651","27,535",690,"5,354",-960,"-24,239","-8,791",,,,,,,,,,,,,,,
PACE,08Jan2017,Mountain,N,"132,359","133,598","141,328","7,730",,,,,,,,,,"9,003","23,023","2,920","4,004",387,"-21,807","-9,261",,,,,,,,,,,,,,,
PACE,09Jan2017,Mountain,N,"139,283","137,145","152,714","15,569",,,,,,,,,,"9,129","29,568","4,608","6,455","1,246","-28,058","-6,579",,,,,,,,,,,,,,,
PACE,10Jan2017,Mountain,N,"143,094","135,974","153,756","17,782",,,,,,,,,,"7,858","29,839","6,162","5,524",415,"-25,906","-5,549",,,,,,,,,,,,,,,
PACE,11Jan2017,Mountain,N,"145,605","145,605","154,271",,,,,,,,,,,"6,880","28,639","5,728","5,185",859,"-24,596","-8,763",,,,,,,,,,,,,,,
PACE,12Jan2017,Mountain,N,"147,587","139,605","167,866","3,126",,,,,,,,,,"6,812","28,912","1,813","5,539",-865,"-26,689","-11,822",,,,,,,,,,,,,,,
PACE,13Jan2017,Mountain,N,"145,141","134,086","141,614","7,931",,,,,,,,,,"8,789","32,431","1,427","6,772","-1,744","-29,879","-9,291",,,,,,,,,,,,,,,
PACE,14Jan2017,Mountain,N,"138,802","131,827","141,497","9,670",,,,,,,,,,"8,942","26,893","1,639","6,538","-3,071","-22,424","-8,281",,,,,,,,,,,,,,,
PACE,15Jan2017,Mountain,N,"136,959","136,959","141,631",,,,,,,,,,,"8,925","27,597","2,817","6,227","-2,899","-21,154","-13,567",,,,,,,,,,,,,,,
PACE,16Jan2017,Mountain,N,"146,782","141,203","169,201","1,679",,,,,,,,,,"8,622","22,992","3,390","6,188","-2,842","-20,361","-15,750",,,,,,,,,,,,,,,
PACE,17Jan2017,Mountain,N,"146,144","123,953","158,407",,,,,,,,,,,"7,131","27,110","4,048","8,100",-881,"-21,802","-8,096",,,,,,,,,,,,,,,
PACE,18Jan2017,Mountain,N,"146,580","139,677","150,695","11,018",,,,,,,,,,"6,848","21,092","4,451","6,729","-1,313","-21,191","-5,050",,,,,,,,,,,,,,,
PACE,19Jan2017,Mountain,N,"144,460","139,202","156,787","17,585",,,,,,,,,,"6,939","23,574","3,373","4,282",72,"-18,051","-2,143",,,,,,,,,,,,,,,
PACE,20Jan2017,Mountain,N,"144,534","138,254","148,987","10,733",,,,,,,,,,"9,325","22,128","3,147","8,482","-2,053","-23,214","-6,523",,,,,,,,,,,,,,,
PACE,21Jan2017,Mountain,N,"138,469","130,733","141,415","10,682",,,,,,,,,,"8,201","25,080","3,911","7,068","-2,088","-20,624","-10,304",,,,,,,,,,,,,,,
PACE,22Jan2017,Mountain,N,"135,818","133,033","151,697","18,664",,,,,,,,,,"10,574","22,271","5,178","10,237","-2,368","-22,647","-4,027",,,,,,,,,,,,,,,
PACE,23Jan2017,Mountain,N,"144,125","143,361","148,721","5,360",,,,,,,,,,"8,806","20,023","3,429","7,321","-2,088","-24,393","-7,175",,,,,,,,,,,,,,,
PACE,24Jan2017,Mountain,N,"145,269","141,859","140,110","-1,749",,,,,,,,,,"8,188","21,931","3,682","5,272","-1,544","-27,462","-11,250",,,,,,,,,,,,,,,
PACE,25Jan2017,Mountain,N,"149,795","138,056","143,189","5,133",,,,,,,,,,"9,481","28,129","4,246","4,835","-1,671","-25,064","-14,256",,,,,,,,,,,,,,,
PACE,26Jan2017,Mountain,N,"147,193","139,691","142,212","2,521",,,,,,,,,,"8,641","28,529","3,503","6,065","-2,498","-28,306","-12,848",,,,,,,,,,,,,,,
PACE,27Jan2017,Mountain,N,"147,793","135,804","144,562","8,758",,,,,,,,,,"8,621","28,900","3,724","6,864","-1,362","-26,495","-10,928",,,,,,,,,,,,,,,
PACE,28Jan2017,Mountain,N,"138,665","134,508","148,002","13,494",,,,,,,,,,"8,425","26,472","3,850","7,865",-818,"-19,129","-12,603",,,,,,,,,,,,,,,
PACE,29Jan2017,Mountain,N,"135,769","134,381","138,615","4,234",,,,,,,,,,"6,719","25,256","4,037","6,128","-1,606","-19,871","-15,865",,,,,,,,,,,,,,,
PACE,30Jan2017,Mountain,N,"143,438","138,097","145,102","7,005",,,,,,,,,,"6,840","25,580","4,824","5,168",-381,"-22,174","-12,294",,,,,,,,,,,,,,,
PACE,31Jan2017,Mountain,N,"144,183","141,010","153,033","12,023",,,,,,,,,,"7,496","31,099","5,111","6,334",-950,"-27,796","-8,738",,,,,,,,,,,,,,,
PACE,01Feb2017,Mountain,N,"141,369","136,455","135,972",-483,,,,,,,,,,"6,320","28,140","4,428","4,910","-2,837","-28,512","-13,093",,,,,,,,,,,,,,,
PACE,02Feb2017,Mountain,N,"141,582","136,693","131,401","-5,292",,,,,,,,,,"6,098","24,828","2,978","3,695","-2,000","-29,008","-11,908",,,,,,,,,,,,,,,
PACE,03Feb2017,Mountain,N,"139,220","138,402","133,382","-5,020",,,,,,,,,,"5,641","21,586","4,756","4,020",-877,"-29,304","-10,295",,,,,,,,,,,,,,,
PACE,04Feb2017,Mountain,N,"133,293","127,960","127,873",-87,,,,,,,,,,"4,316","22,725","5,306","3,643","-1,500","-23,601","-10,433",,,,,,,,,,,,,,,
PACE,05Feb2017,Mountain,N,"128,079","124,962","132,080","7,118",,,,,,,,,,"7,320","24,179","6,376","7,537","-1,779","-29,321","-6,657",,,,,,,,,,,,,,,
PACE,06Feb2017,Mountain,N,"137,254","132,599","146,179","13,580",,,,,,,,,,"8,144","23,460","7,024","5,892","-1,666","-23,931","-4,797",,,,,,,,,,,,,,,
PACE,07Feb2017,Mountain,N,"136,380","134,565","145,672","11,107",,,,,,,,,,"7,760","24,797","5,611","4,269","-1,387","-20,898","-8,513",,,,,,,,,,,,,,,
PACE,08Feb2017,Mountain,N,"137,881","131,545","145,192","13,647",,,,,,,,,,"8,332","28,986","6,371","6,631",-714,"-25,116","-10,323",,,,,,,,,,,,,,,
PACE,09Feb2017,Mountain,N,"134,770","129,367","144,858","15,491",,,,,,,,,,"8,343","25,756","7,861","7,495","-1,364","-27,466","-4,662",,,,,,,,,,,,,,,
PACE,10Feb2017,Mountain,N,"132,713","129,746","144,331","14,585",,,,,,,,,,"10,415","22,538","6,936","7,753","-2,452","-24,503","-5,606",,,,,,,,,,,,,,,
PACE,11Feb2017,Mountain,N,"131,692","126,775","131,481","4,706",,,,,,,,,,"3,451","19,587","5,488","7,739","-2,567","-22,958","-5,480",,,,,,,,,,,,,,,
PACE,12Feb2017,Mountain,N,"130,363","123,250","108,653","-14,597",,,,,,,,,,"1,418","18,316","3,943","5,564","-3,591","-25,333","-14,297",,,,,,,,,,,,,,,
PACE,13Feb2017,Mountain,N,"140,236","128,725","116,549","-12,176",,,,,,,,,,"2,147","17,997","3,238","5,617","-3,556","-23,864","-13,191",,,,,,,,,,,,,,,
PACE,14Feb2017,Mountain,N,"134,142","127,595","117,831","-9,764",,,,,,,,,,"1,486","18,901","2,947","5,958","-1,112","-25,371","-12,012",,,,,,,,,,,,,,,
PACE,15Feb2017,Mountain,N,"133,447","126,245","130,028","3,783",,,,,,,,,,"1,763","19,872","4,443","6,604","-1,111","-21,549","-5,688",,,,,,,,,,,,,,,
PACE,16Feb2017,Mountain,N,"132,016","125,035","129,325","4,290",,,,,,,,,,"2,762","19,697","4,734","7,235","-2,019","-21,561","-6,027",,,,,,,,,,,,,,,
PACE,17Feb2017,Mountain,N,"130,141","124,843","124,921",78,,,,,,,,,,"3,563","17,965","4,661","7,661","-3,725","-20,970","-8,534",,,,,,,,,,,,,,,
PACE,18Feb2017,Mountain,N,"124,176","119,264","117,680","-1,584",,,,,,,,,,"2,121","13,369","4,377","5,906","-2,771","-20,150","-3,894",,,,,,,,,,,,,,,
PACE,19Feb2017,Mountain,N,"122,444","117,949","110,686","-7,263",,,,,,,,,,647,"14,629","1,683","4,268","-2,361","-17,840","-7,739",,,,,,,,,,,,,,,
PACE,20Feb2017,Mountain,N,"128,669","123,647","124,941","1,294",,,,,,,,,,"1,074","13,888","4,408","5,016","-1,749","-17,387","-3,419",,,,,,,,,,,,,,,
PACE,21Feb2017,Mountain,N,"128,918","128,815","135,624","6,809",,,,,,,,,,"2,226","13,451","5,188","7,037",7,"-15,227","-5,349",,,,,,,,,,,,,,,
PACE,22Feb2017,Mountain,N,"134,218","130,169","113,235","-16,934",,,,,,,,,,"-1,353","8,200",937,"2,743",69,"-16,701","-10,280",,,,,,,,,,,,,,,
PACE,23Feb2017,Mountain,N,"137,942","132,578","115,137","-17,441",,,,,,,,,,-480,"6,112",-757,"3,962","-2,477","-15,132","-8,247",,,,,,,,,,,,,,,
PACE,24Feb2017,Mountain,N,"137,858","132,668","117,523","-15,145",,,,,,,,,,669,"10,496",-617,"4,627","-2,295","-16,951","-10,506",,,,,,,,,,,,,,,
PACE,25Feb2017,Mountain,N,"133,302","128,808","132,276","3,468",,,,,,,,,,"4,167","15,307",-323,"6,309","-1,260","-15,469","-4,699",,,,,,,,,,,,,,,
PACE,26Feb2017,Mountain,N,"128,913","124,182","126,881","2,699",,,,,,,,,,"2,878","15,895","2,296","5,130","-1,411","-14,841","-6,689",,,,,,,,,,,,,,,
PACE,27Feb2017,Mountain,N,"137,002","137,002","126,861",,,,,,,,,,,"3,914","11,851","4,560","6,044","-2,176","-17,939","-11,566",,,,,,,,,,,,,,,
PACE,28Feb2017,Mountain,N,"138,795","134,923","142,615","-7,346",,,,,,,,,,655,"13,942","4,520","3,859",-604,"-17,559","-11,594",,,,,,,,,,,,,,,
PACE,01Mar2017,Mountain,N,"135,444","132,403","127,892","-4,117",,,,,,,,,,"2,144","10,949","3,801","4,781","-1,605","-16,951","-6,675",,,,,,,,,,,,,,,
PACE,02Mar2017,Mountain,N,"134,034","130,757","126,156","-4,601",,,,,,,,,,"2,359","9,267","3,573","4,709","-1,075","-16,523","-6,354",,,,,,,,,,,,,,,
PACE,03Mar2017,Mountain,N,"130,410","129,098","128,498",-600,,,,,,,,,,"3,530","10,299","4,027","6,585",-923,"-18,275","-5,314",,,,,,,,,,,,,,,
PACE,04Mar2017,Mountain,N,"122,718","121,008","115,231","-5,777",,,,,,,,,,"2,453","8,125","4,402","4,290",-574,"-17,941","-6,004",,,,,,,,,,,,,,,
PACE,05Mar2017,Mountain,N,"122,262","119,996","115,451","-4,545",,,,,,,,,,"1,905","13,138","4,558","4,445",-886,"-17,344","-9,832",,,,,,,,,,,,,,,
PACE,06Mar2017,Mountain,N,"135,267","129,679","121,947","-7,732",,,,,,,,,,"1,427","10,784","5,516","4,296","-2,186","-17,824","-9,182",,,,,,,,,,,,,,,
PACE,07Mar2017,Mountain,N,"133,514","129,196","124,148","-5,048",,,,,,,,,,"2,387","11,409","5,905","3,185",-529,"-18,758","-8,012",,,,,,,,,,,,,,,
PACE,08Mar2017,Mountain,N,"131,407","122,731","123,421",690,,,,,,,,,,"3,248","9,326","6,357","4,571",215,"-17,578","-4,906",,,,,,,,,,,,,,,
PACE,09Mar2017,Mountain,N,"127,043","122,083","125,014","2,931",,,,,,,,,,"4,886","12,744","5,991","5,493",442,"-18,335","-7,775",,,,,,,,,,,,,,,
PACE,10Mar2017,Mountain,N,"125,149","122,546","124,464","1,918",,,,,,,,,,"7,018","5,636","5,874","7,994","-1,562","-17,146","-5,393",,,,,,,,,,,,,,,
PACE,11Mar2017,Mountain,N,"118,647","118,387","105,656","-12,731",,,,,,,,,,"4,254","2,227","2,736","6,780","-2,546","-15,710","-9,941",,,,,,,,,,,,,,,
PACE,12Mar2017,Mountain,N,"109,935","109,310","102,262","-7,048",,,,,,,,,,"2,948","1,906","3,844","5,130","-1,402","-11,409","-7,566",,,,,,,,,,,,,,,
PACE,13Mar2017,Mountain,N,"122,279","122,324","120,058","-2,266",,,,,,,,,,"3,627","7,992","5,192","6,922","-2,888","-14,432","-8,164",,,,,,,,,,,,,,,
PACE,14Mar2017,Mountain,N,"122,974","120,977","121,917",940,,,,,,,,,,"4,821","6,682","4,670","7,303","-2,448","-13,550","-6,062",,,,,,,,,,,,,,,
PACE,15Mar2017,Mountain,N,"123,352","121,601","108,828","-12,773",,,,,,,,,,"6,132","1,350","4,309","4,131","-3,809","-18,171","-6,223",,,,,,,,,,,,,,,
PACE,16Mar2017,Mountain,N,"121,616","122,648","113,560","-9,088",,,,,,,,,,"6,376","2,490","5,468","4,153","-2,806","-17,888","-6,427",,,,,,,,,,,,,,,
PACE,17Mar2017,Mountain,N,"123,351","121,289","95,152","-26,137",,,,,,,,,,"5,133",-534,"1,148","4,854","-5,951","-16,508","-13,817",,,,,,,,,,,,,,,
PACE,18Mar2017,Mountain,N,"118,938","118,938","94,826",,,,,,,,,,,"4,652","3,215","4,848","5,683","-3,382","-16,725","-6,077",,,,,,,,,,,,,,,
PACE,19Mar2017,Mountain,N,"115,414","113,737","115,479","-7,418",,,,,,,,,,"2,325","6,754","5,350","3,759","-2,229","-14,069","-8,853",,,,,,,,,,,,,,,
PACE,20Mar2017,Mountain,N,"125,076","129,684","110,055","-19,629",,,,,,,,,,"4,356",681,"3,484","5,422","-5,126","-15,666","-12,326",,,,,,,,,,,,,,,
PACE,21Mar2017,Mountain,N,"125,510","125,510","110,227",,,,,,,,,,,"5,905","1,921","4,381","7,485","-4,994","-21,100","-11,155",,,,,,,,,,,,,,,
PACE,22Mar2017,Mountain,N,"123,536","123,145","114,911","-21,284",,,,,,,,,,"4,574",50,"3,116","5,588","-4,544","-19,193","-10,378",,,,,,,,,,,,,,,
PACE,23Mar2017,Mountain,N,"123,932","123,782","86,979","-37,064",,,,,,,,,,"2,174","-6,862","2,094","1,603","-5,585","-19,160","-10,800",,,,,,,,,,,,,,,
PACE,24Mar2017,Mountain,N,"124,008","121,006","92,213","-28,793",,,,,,,,,,"3,951","-2,353","2,826","4,592","-6,308","-18,532","-12,461",,,,,,,,,,,,,,,
PACE,25Mar2017,Mountain,N,"118,142","119,814","86,519","-33,295",,,,,,,,,,"3,111","-5,009","2,663","2,488","-6,047","-18,614","-11,372",,,,,,,,,,,,,,,
PACE,26Mar2017,Mountain,N,"115,795","115,795","86,784",,,,,,,,,,,"1,995","-1,501","1,515","2,792","-5,912","-18,645","-11,578",,,,,,,,,,,,,,,
PACE,27Mar2017,Mountain,N,"124,361","128,742","101,803","-41,726",,,,,,,,,,"2,246","-6,577","1,255","1,311","-5,985","-20,753","-12,702",,,,,,,,,,,,,,,
PACE,28Mar2017,Mountain,N,"126,851","124,985","93,731","-31,056",,,,,,,,,,"4,541","-6,020","1,585","4,041","-5,356","-19,069","-10,257",,,,,,,,,,,,,,,
PACE,29Mar2017,Mountain,N,"126,798","126,798",,,,,,,,,,,,"3,768",-755,"1,493","5,960","-6,479","-17,014","-10,781",,,,,,,,,,,,,,,
PACE,30Mar2017,Mountain,N,"126,653","126,059","114,587","-28,610",,,,,,,,,,"1,828","-9,190","2,782","4,948","-7,376","-12,475","-8,638",,,,,,,,,,,,,,,
PACE,31Mar2017,Mountain,N,"124,393","127,073","98,119","-29,396",,,,,,,,,,"2,398","-9,121","2,739","2,201","-5,512","-12,217","-9,374",,,,,,,,,,,,,,,
PACE,01Apr2017,Mountain,N,"117,990","119,440","105,266","-22,987",,,,,,,,,,"4,761","-8,247","3,698","5,808","-7,423","-14,082","-6,993",,,,,,,,,,,,,,,
PACE,02Apr2017,Mountain,N,"114,656","119,102","91,223","-27,879",,,,,,,,,,"3,051","-14,774","3,943","3,228","-6,778","-11,633","-4,412",,,,,,,,,,,,,,,
PACE,03Apr2017,Mountain,N,"126,148","126,411","100,425","-25,986",,,,,,,,,,"3,283","-7,559","2,645","3,447","-7,086","-12,732","-7,466",,,,,,,,,,,,,,,
PACE,04Apr2017,Mountain,N,"128,458","127,235","110,070","-17,165",,,,,,,,,,"5,509","-1,559","3,420","6,921","-7,921","-13,329","-9,684",,,,,,,,,,,,,,,
PACE,05Apr2017,Mountain,N,"126,146","125,862","120,132","-5,730",,,,,,,,,,"8,016",-20,"4,559","8,565","-6,953","-14,509","-4,884",,,,,,,,,,,,,,,
PACE,06Apr2017,Mountain,N,"125,157","125,473","124,203","-10,341",,,,,,,,,,"8,346","-1,941","5,117","7,473","-8,514","-12,425","-7,932",,,,,,,,,,,,,,,
PACE,07Apr2017,Mountain,N,"122,902","124,689","121,529","-9,063",,,,,,,,,,"8,964","-4,996",431,"8,766","-4,507","-11,633","-5,645",,,,,,,,,,,,,,,
PACE,08Apr2017,Mountain,N,"116,760","120,163","101,693","-18,470",,,,,,,,,,"6,998","-8,179",-317,"5,722","-5,284","-10,524","-6,407",,,,,,,,,,,,,,,
PACE,09Apr2017,Mountain,N,"118,111","119,046","106,783","-12,263",,,,,,,,,,"7,891","-1,592","1,776","6,916","-5,684","-12,340","-8,708",,,,,,,,,,,,,,,
PACE,10Apr2017,Mountain,N,"125,691","127,379","104,656","-22,723",,,,,,,,,,"5,105","-5,018","1,691","5,918","-6,470","-12,520","-10,930",,,,,,,,,,,,,,,
PACE,11Apr2017,Mountain,N,"123,604","123,604","104,959",,,,,,,,,,,"3,592","-2,391","1,347","3,553","-6,056","-11,478","-15,647",,,,,,,,,,,,,,,
PACE,12Apr2017,Mountain,N,"125,962","123,538","119,646","-16,087",,,,,,,,,,"4,027",575,"1,527","5,604","-5,004","-12,387","-9,975",,,,,,,,,,,,,,,
PACE,13Apr2017,Mountain,N,"126,967","118,694","108,852","-9,842",,,,,,,,,,"5,081","3,785",850,"6,096","-3,942","-10,770","-10,504",,,,,,,,,,,,,,,
PACE,14Apr2017,Mountain,N,"120,240","122,269","106,501","-15,768",,,,,,,,,,"3,193","-2,864",176,"4,407","-3,964","-9,741","-6,444",,,,,,,,,,,,,,,
PACE,15Apr2017,Mountain,N,"116,181","117,290","99,316","-17,974",,,,,,,,,,"2,440","-3,208",436,"4,353","-4,896","-10,802","-5,956",,,,,,,,,,,,,,,
PACE,16Apr2017,Mountain,N,"114,324","112,669","88,505","-24,164",,,,,,,,,,"2,998","-5,964",232,"4,162","-5,928","-11,771","-7,406",,,,,,,,,,,,,,,
PACE,17Apr2017,Mountain,N,"122,989","125,278","110,268","-15,010",,,,,,,,,,"3,659","-3,492",708,"5,931","-4,699","-12,451","-4,372",,,,,,,,,,,,,,,
PACE,18Apr2017,Mountain,N,"122,462","126,731","104,545","-22,186",,,,,,,,,,"4,487","-5,755","4,080","6,308","-6,585","-14,703","-9,539",,,,,,,,,,,,,,,
PACE,19Apr2017,Mountain,N,"123,203","123,498","102,246","-21,252",,,,,,,,,,"3,068","-4,673","4,296","5,387","-5,195","-14,715","-8,886",,,,,,,,,,,,,,,
PACE,20Apr2017,Mountain,N,"123,744","124,832","93,994","-30,838",,,,,,,,,,"3,181","-11,725","2,714","4,548","-7,088","-15,831","-6,111",,,,,,,,,,,,,,,
PACE,21Apr2017,Mountain,N,"122,631","122,995","91,390","-31,605",,,,,,,,,,"1,928","-13,605","4,209","4,818","-8,161","-14,378","-5,875",,,,,,,,,,,,,,,
PACE,22Apr2017,Mountain,N,"117,092","110,725","75,534","-35,191",,,,,,,,,,"1,840","-15,421","3,580","4,676","-8,436","-17,206","-3,703",,,,,,,,,,,,,,,
PACE,23Apr2017,Mountain,N,"115,835","107,548","81,974","-25,574",,,,,,,,,,"1,342","-11,560","4,690","5,089","-7,088","-15,502","-2,071",,,,,,,,,,,,,,,
PACE,24Apr2017,Mountain,N,"125,186","117,962","98,100","-19,862",,,,,,,,,,"2,336","-5,993","6,026","5,682","-7,593","-16,894","-2,918",,,,,,,,,,,,,,,
PACE,25Apr2017,Mountain,N,"123,826","121,091","94,252","-26,839",,,,,,,,,,376,"-8,807","1,022","2,294","-5,432","-14,817",-930,,,,,,,,,,,,,,,
PACE,26Apr2017,Mountain,N,"124,510","118,998","96,067","-22,931",,,,,,,,,,"2,702","-7,968","5,047","2,661","-8,755","-14,037","-2,053",,,,,,,,,,,,,,,
PACE,27Apr2017,Mountain,N,"126,669","120,380","90,382","-29,998",,,,,,,,,,"2,535","-12,259","1,980","2,554","-8,072","-13,675","-2,516",,,,,,,,,,,,,,,
PACE,28Apr2017,Mountain,N,"125,182","121,161","94,449","-26,712",,,,,,,,,,"3,488","-9,447",911,"2,865","-7,885","-13,583","-2,506",,,,,,,,,,,,,,,
PACE,29Apr2017,Mountain,N,"118,216","110,435","81,912","-28,523",,,,,,,,,,"5,194","-6,609","1,789","3,344","-9,061","-16,210","-6,425",,,,,,,,,,,,,,,
PACE,30Apr2017,Mountain,N,"114,355","108,667","84,804","-23,863",,,,,,,,,,"4,523","-9,043","4,368","4,665","-7,717","-14,592","-5,541",,,,,,,,,,,,,,,
PACE,01May2017,Mountain,N,"124,202","115,885","96,926","-18,959",,,,,,,,,,"7,240","-3,965","6,462","7,539","-8,319","-19,808","-7,599",,,,,,,,,,,,,,,
PACE,02May2017,Mountain,N,"123,368","116,128","98,821","-17,307",,,,,,,,,,"6,428","-2,153","4,708","6,685","-6,840","-21,955","-3,683",,,,,,,,,,,,,,,
PACE,03May2017,Mountain,N,"123,952","118,304","97,289","-21,015",,,,,,,,,,"7,102",-856,"2,611","7,844","-7,353","-21,243","-8,652",,,,,,,,,,,,,,,
PACE,04May2017,Mountain,N,"124,603","120,526","99,434","-21,092",,,,,,,,,,"9,720","-4,390","2,982","7,656","-7,520","-20,897","-8,164",,,,,,,,,,,,,,,
PACE,05May2017,Mountain,N,"129,258","124,039","89,144","-34,895",,,,,,,,,,"3,899","-11,667","3,804","7,319","-6,026","-21,059","-10,740",,,,,,,,,,,,,,,
PACE,06May2017,Mountain,N,"121,717","115,943","81,380","-34,563",,,,,,,,,,"2,618","-9,218","3,324","6,681","-5,601","-20,803","-11,290",,,,,,,,,,,,,,,
PACE,07May2017,Mountain,N,"110,853","115,275","82,497","-32,778",,,,,,,,,,"2,371","-11,486","3,120","4,283","-6,720","-11,464","-12,654",,,,,,,,,,,,,,,
PACE,08May2017,Mountain,N,"119,681","121,740","102,373","-19,367",,,,,,,,,,"2,944",-542,"3,629","4,404","-2,824","-17,567","-9,164",,,,,,,,,,,,,,,
PACE,09May2017,Mountain,N,"120,289","120,038","109,185","-10,853",,,,,,,,,,"4,423","3,758","3,919","6,771","-2,742","-18,995","-7,743",,,,,,,,,,,,,,,
PACE,10May2017,Mountain,N,"121,703","121,413","100,926","-20,487",,,,,,,,,,"1,749","1,067","3,609","5,445","-5,626","-18,274","-8,219",,,,,,,,,,,,,,,
PACE,11May2017,Mountain,N,"123,836","128,371","108,117","-20,254",,,,,,,,,,"1,119","2,499","4,724","2,651","-4,996","-19,495","-6,532",,,,,,,,,,,,,,,
PACE,12May2017,Mountain,N,"124,687","129,110","112,006","-17,104",,,,,,,,,,"5,912",451,"5,066","1,657","-4,888","-18,680","-6,415",,,,,,,,,,,,,,,
PACE,13May2017,Mountain,N,"114,050","113,420","101,535","-11,885",,,,,,,,,,"4,323","-2,192","4,039","4,840","-5,476","-14,646","-2,536",,,,,,,,,,,,,,,
PACE,14May2017,Mountain,N,"110,718","108,562","88,286","-20,276",,,,,,,,,,"7,082","-7,548","1,915","3,745","-7,725","-12,149","-5,354",,,,,,,,,,,,,,,
PACE,15May2017,Mountain,N,"120,057","121,261","115,417","-5,844",,,,,,,,,,"11,551",-319,"4,354","4,786","-5,942","-15,365","-4,642",,,,,,,,,,,,,,,
PACE,16May2017,Mountain,N,"119,181","119,181","116,268",,,,,,,,,,,"9,597","1,178","3,900","3,329","-2,853","-15,012","-9,632",,,,,,,,,,,,,,,
PACE,17May2017,Mountain,N,"123,482","124,951","126,105","-7,580",,,,,,,,,,"10,361","-1,035","5,459","5,214","-4,691","-14,912","-7,704",,,,,,,,,,,,,,,
PACE,18May2017,Mountain,N,"124,960","129,266","118,850","-10,416",,,,,,,,,,"10,733",515,"3,334","4,364","-4,925","-15,327","-8,838",,,,,,,,,,,,,,,
PACE,19May2017,Mountain,N,"122,096","124,482","117,911","-6,571",,,,,,,,,,"12,478","2,092","5,387","6,925","-6,277","-17,282","-9,635",,,,,,,,,,,,,,,
PACE,20May2017,Mountain,N,"116,615","118,946","113,636","-5,310",,,,,,,,,,"10,772","-2,082","5,165","6,756","-6,869","-11,653","-7,155",,,,,,,,,,,,,,,
PACE,21May2017,Mountain,N,"112,937","116,506","107,701","-8,805",,,,,,,,,,"9,689",-685,"3,309","5,907","-6,182","-12,792","-7,815",,,,,,,,,,,,,,,
PACE,22May2017,Mountain,N,"126,860","128,589","123,793","-4,796",,,,,,,,,,"10,588","5,855","4,675","6,492","-5,143","-16,918","-10,108",,,,,,,,,,,,,,,
PACE,23May2017,Mountain,N,"132,283","132,369","129,811","-2,558",,,,,,,,,,"10,210","6,828","5,050","7,504","-6,023","-17,845","-8,052",,,,,,,,,,,,,,,
PACE,24May2017,Mountain,N,"139,881","134,317","133,800",-517,,,,,,,,,,"13,254","-4,726","6,722","5,930","-5,893","-17,319","1,773",,,,,,,,,,,,,,,
PACE,25May2017,Mountain,N,"130,230","131,317","124,371","-6,946",,,,,,,,,,"12,680","-4,028","3,880","5,620","-7,450","-16,732",-479,,,,,,,,,,,,,,,
PACE,26May2017,Mountain,N,"129,299","129,146","118,801","-10,345",,,,,,,,,,"10,791","-1,006","4,375","5,266","-6,883","-18,128","-4,333",,,,,,,,,,,,,,,
PACE,27May2017,Mountain,N,"121,134","120,255","101,273","-18,982",,,,,,,,,,"8,441","-3,213","3,779","3,945","-6,394","-14,952","-10,110",,,,,,,,,,,,,,,
PACE,28May2017,Mountain,N,"118,611","118,964","98,313","-20,651",,,,,,,,,,"2,834","-5,106","2,865","6,154","-5,959","-15,244","-5,732",,,,,,,,,,,,,,,
PACE,29May2017,Mountain,N,"127,021","126,750","100,421","-26,329",,,,,,,,,,"2,134","-4,958","2,836","5,869","-5,586","-15,787","-10,392",,,,,,,,,,,,,,,
PACE,30May2017,Mountain,N,"138,970","138,970","100,799",,,,,,,,,,,,,,,,,,,,,,,,,,,,,,,,
PACE,31May2017,Mountain,N,"144,973","144,973",,,,,,,,,,,,"4,091",999,"4,383","5,815","-5,199","-20,323","-10,138",,,,,,,,,,,,,,,
PACE,01Jun2017,Mountain,N,,"140,008","111,250","-28,758",,,,,,,,,,"3,598","-5,132","4,767","4,069","-6,223","-19,812","-9,542",,,,,,,,,,,,,,,
PACE,02Jun2017,Mountain,N,"144,055","136,736","119,454","-17,282",,,,,,,,,,"5,106","1,889","5,135","5,687","-5,367","-20,482","-8,827",,,,,,,,,,,,,,,
PACE,03Jun2017,Mountain,N,"139,880","136,725","119,369","-17,356",,,,,,,,,,"6,329","-2,914","4,825","6,239","-6,588","-17,458","-7,418",,,,,,,,,,,,,,,
PACE,04Jun2017,Mountain,N,"143,025","141,623","112,572","-29,051",,,,,,,,,,"3,187","-9,375","4,094","5,016","-6,232","-15,537","-9,863",,,,,,,,,,,,,,,
PACE,05Jun2017,Mountain,N,"145,825","151,946","149,596","-21,297",,,,,,,,,,"9,905","-1,694","3,155","5,254","-7,144","-19,833","-10,569",,,,,,,,,,,,,,,
PACE,06Jun2017,Mountain,N,"150,521","150,625","138,241","-11,934",,,,,,,,,,"12,432","5,794","3,645","6,103","-6,607","-24,221","-8,711",,,,,,,,,,,,,,,
PACE,07Jun2017,Mountain,N,"154,717","153,185","140,203","-12,982",,,,,,,,,,"14,482","8,697","2,947","4,586","-4,980","-24,874","-13,501",,,,,,,,,,,,,,,
PACE,08Jun2017,Mountain,N,"159,000","149,031","125,504","-23,527",,,,,,,,,,"8,677",-408,"3,927","2,077","-4,288","-22,723","-10,434",,,,,,,,,,,,,,,
PACE,09Jun2017,Mountain,N,"150,513","144,669","130,153","-14,516",,,,,,,,,,"8,481","-3,785","4,743","4,075","-6,194","-16,340","-5,163",,,,,,,,,,,,,,,
PACE,10Jun2017,Mountain,N,"132,006","131,909","104,932","-26,977",,,,,,,,,,"6,397","-11,560","3,181","2,678","-7,921","-13,147","-6,232",,,,,,,,,,,,,,,
PACE,11Jun2017,Mountain,N,"126,433","129,824","103,095","-26,729",,,,,,,,,,"3,167","-10,842","3,424","3,259","-5,190","-13,326","-6,832",,,,,,,,,,,,,,,
PACE,12Jun2017,Mountain,N,"127,803","126,069","112,523","-13,546",,,,,,,,,,"5,346","-7,414","5,079","3,992","-4,275","-11,308","-4,503",,,,,,,,,,,,,,,
PACE,13Jun2017,Mountain,N,"129,815","122,135","114,781","-7,354",,,,,,,,,,"6,601","-8,491","7,362","8,059","-5,045","-12,857","-2,542",,,,,,,,,,,,,,,
PACE,14Jun2017,Mountain,N,"135,929","123,523","121,516","-2,007",,,,,,,,,,"7,338",239,"5,562","7,733","-5,915","-16,791",14,,,,,,,,,,,,,,,
PACE,15Jun2017,Mountain,N,"139,587","130,454","123,896","-6,558",,,,,,,,,,"6,274","2,567","5,834","6,643","-7,384","-19,401",-756,,,,,,,,,,,,,,,
PACE,16Jun2017,Mountain,N,"142,715","137,673","141,690","4,017",,,,,,,,,,"10,514","1,509","6,207","8,354","-4,074","-19,197","1,066",,,,,,,,,,,,,,,
PACE,17Jun2017,Mountain,N,"132,222","132,708","129,237","-3,471",,,,,,,,,,"11,018",971,"5,782","6,876","-3,735","-18,792","-5,236",,,,,,,,,,,,,,,
PACE,18Jun2017,Mountain,N,"129,387","134,798","126,432","-8,366",,,,,,,,,,"5,721","9,142","4,118","4,526","-1,632","-18,109","-11,830",,,,,,,,,,,,,,,
PACE,19Jun2017,Mountain,N,"150,295","150,429","140,950","-9,479",,,,,,,,,,"9,714","12,091","2,817","6,529","-3,813","-23,978","-12,491",,,,,,,,,,,,,,,
PACE,20Jun2017,Mountain,N,"160,671","158,753","146,947","-11,806",,,,,,,,,,"13,300","4,291","2,434","8,566","-5,617","-23,743","-10,699",,,,,,,,,,,,,,,
PACE,21Jun2017,Mountain,N,"162,079","163,931","146,242","-17,689",,,,,,,,,,"13,124","-3,686","5,134","6,445","-6,349","-22,788","-9,251",,,,,,,,,,,,,,,
PACE,22Jun2017,Mountain,N,"154,222","155,669","149,650","-6,019",,,,,,,,,,"14,986","4,186","5,301","8,146","-4,209","-24,488","-9,567",,,,,,,,,,,,,,,
PACE,23Jun2017,Mountain,N,"148,074","147,389","143,500","-3,889",,,,,,,,,,"14,761","6,102","4,487","9,565","-3,684","-24,025","-10,705",,,,,,,,,,,,,,,
PACE,24Jun2017,Mountain,N,"144,763","140,782","135,895","-4,887",,,,,,,,,,"14,718","4,946","7,030","9,097","-4,385","-25,986","-10,017",,,,,,,,,,,,,,,
PACE,25Jun2017,Mountain,N,"146,572","142,391","134,205","-8,186",,,,,,,,,,"13,272","1,489","6,511","7,168","-3,965","-23,024","-9,259",,,,,,,,,,,,,,,
PACE,26Jun2017,Mountain,N,"163,589","159,965","145,876","-14,089",,,,,,,,,,"15,301","2,073","4,088","5,284","-4,965","-25,277","-10,244",,,,,,,,,,,,,,,
PACE,27Jun2017,Mountain,N,"168,562","158,549","146,580","-11,969",,,,,,,,,,"13,686","2,727","6,727","4,283","-4,629","-24,456","-10,006",,,,,,,,,,,,,,,
PACE,28Jun2017,Mountain,N,"158,151","152,447","128,563","-23,884",,,,,,,,,,"10,860","-1,374","3,282","3,003","-4,617","-22,478","-12,205",,,,,,,,,,,,,,,
PACE,29Jun2017,Mountain,N,"151,190","147,936","133,395","-14,541",,,,,,,,,,"8,296","3,977","5,844","4,923","-4,678","-22,652","-10,442",,,,,,,,,,,,,,,
PACE,30Jun2017,Mountain,N,"149,475","145,127","130,374","-14,753",,,,,,,,,,"8,457","9,392","3,975","5,410","-4,758","-24,396","-12,428",,,,,,,,,,,,,,,
PACE,01Jul2017,Mountain,N,"151,822","142,448","130,551","-11,897",,,,,,,,,,"9,468","8,653","3,535","6,051","-4,699","-22,219","-12,321",,,,,,,,,,,,,,,
PACE,02Jul2017,Mountain,N,"154,348","154,348","131,370",,,,,,,,,,,"7,536","7,696","2,831","4,827","-5,793","-20,250","-11,341",,,,,,,,,,,,,,,
PACE,03Jul2017,Mountain,N,"166,665","160,831","166,195","-15,455",,,,,,,,,,"8,135","7,500","3,377","5,181","-4,845","-21,412","-13,057",,,,,,,,,,,,,,,
PACE,04Jul2017,Mountain,N,"156,718","156,267","133,326",,,,,,,,,,,"6,511","11,165",367,"2,731","-4,015","-24,264","-14,059",,,,,,,,,,,,,,,
PACE,05Jul2017,Mountain,N,"175,925","164,606","138,901","-25,705",,,,,,,,,,"8,994","11,697","-2,810","2,789","-4,033","-27,202","-14,822",,,,,,,,,,,,,,,
PACE,06Jul2017,Mountain,N,"174,852","169,022","142,226","-26,796",,,,,,,,,,"11,578","10,752","-3,545","4,667","-4,279","-28,622","-17,033",,,,,,,,,,,,,,,
PACE,07Jul2017,Mountain,N,"176,888","168,020","141,792","-26,228",,,,,,,,,,"10,364","11,831","-2,511","6,342","-5,169","-30,549","-16,204",,,,,,,,,,,,,,,
PACE,08Jul2017,Mountain,N,"169,522","161,312","141,206","-20,106",,,,,,,,,,"11,649","13,127","-1,150","7,885","-4,481","-30,504","-16,306",,,,,,,,,,,,,,,
PACE,09Jul2017,Mountain,N,"165,206","156,736","137,542","-19,194",,,,,,,,,,"9,481","11,032",790,"6,834","-4,732","-29,645","-12,598",,,,,,,,,,,,,,,
PACE,10Jul2017,Mountain,N,"171,039","166,483","142,861","-23,622",,,,,,,,,,"10,973","5,924","3,049","5,258","-7,240","-28,316","-12,893",,,,,,,,,,,,,,,
PACE,11Jul2017,Mountain,N,"168,901","166,536","147,020","-19,516",,,,,,,,,,"11,184","8,593","2,139","4,384","-6,219","-27,431","-11,771",,,,,,,,,,,,,,,
PACE,12Jul2017,Mountain,N,"170,821","163,337","144,260","-19,077",,,,,,,,,,"11,119","10,091","2,432","5,148","-4,938","-28,254","-14,277",,,,,,,,,,,,,,,
PACE,13Jul2017,Mountain,N,"171,175","165,557","147,741","-17,816",,,,,,,,,,"12,377","7,308","1,668","4,694","-4,089","-27,150","-12,232",,,,,,,,,,,,,,,
PACE,14Jul2017,Mountain,N,"169,475","166,674","149,458","-17,216",,,,,,,,,,"14,479","7,070","1,766","4,238","-4,041","-28,443","-11,931",,,,,,,,,,,,,,,
PACE,15Jul2017,Mountain,N,"166,861","168,626","147,682","-20,944",,,,,,,,,,"10,582","6,014","1,466","5,535","-4,753","-27,161","-12,289",,,,,,,,,,,,,,,
PACE,16Jul2017,Mountain,N,"164,454","163,978","142,105","-21,873",,,,,,,,,,"10,325","4,319","2,385","6,689","-5,237","-27,865","-12,144",,,,,,,,,,,,,,,
PACE,17Jul2017,Mountain,N,"171,420","166,055","146,496","-19,559",,,,,,,,,,"9,097","14,801",775,"4,826","-4,948","-29,718","-14,036",,,,,,,,,,,,,,,
PACE,18Jul2017,Mountain,N,"173,917","173,917","147,208",,,,,,,,,,,"11,586","11,813","1,008","4,479","-5,185","-29,783","-13,446",,,,,,,,,,,,,,,
PACE,19Jul2017,Mountain,N,"172,490","166,894","172,626","-17,941",,,,,,,,,,"12,005","9,771","2,776","3,069","-3,502","-28,936","-12,773",,,,,,,,,,,,,,,
PACE,20Jul2017,Mountain,N,"171,587","165,605","146,347","-19,365",,,,,,,,,,"12,551","7,448","3,157","3,111","-4,563","-29,180","-11,518",,,,,,,,,,,,,,,
PACE,21Jul2017,Mountain,N,"166,629","164,101","146,651","-17,450",,,,,,,,,,"10,920","12,871","2,678","3,247","-2,761","-29,245","-14,811",,,,,,,,,,,,,,,
PACE,22Jul2017,Mountain,N,"163,413","155,473","137,693","-17,780",,,,,,,,,,"10,461","14,404","1,966","3,001","-2,134","-30,524","-14,600",,,,,,,,,,,,,,,
PACE,23Jul2017,Mountain,N,"162,279","149,232","134,339","-14,893",,,,,,,,,,"10,404","16,098","2,028","3,595","-1,136","-29,225","-16,306",,,,,,,,,,,,,,,
PACE,24Jul2017,Mountain,N,"170,426","156,742","138,147","-18,595",,,,,,,,,,"6,167","16,916","1,166","3,452","-2,207","-29,779","-13,925",,,,,,,,,,,,,,,
PACE,25Jul2017,Mountain,N,"158,284","149,382","140,564","-8,818",,,,,,,,,,"4,476","21,080","2,139","6,096","-1,370","-29,473","-11,332",,,,,,,,,,,,,,,
PACE,26Jul2017,Mountain,N,"161,331","150,955","143,812","-7,143",,,,,,,,,,"7,517","20,802","1,620","7,124","-2,883","-29,278","-11,637",,,,,,,,,,,,,,,
PACE,27Jul2017,Mountain,N,"162,552","149,713","146,058","-3,655",,,,,,,,,,"9,623","19,503","1,767","7,540","-2,759","-29,358","-9,583",,,,,,,,,,,,,,,
PACE,28Jul2017,Mountain,N,"163,784","147,741","144,959","-2,782",,,,,,,,,,"10,375","20,439",743,"7,769","-2,703","-29,449","-9,583",,,,,,,,,,,,,,,
PACE,29Jul2017,Mountain,N,"158,643","145,107","141,414","-3,693",,,,,,,,,,"10,087","19,042","1,420","6,726","-2,813","-28,398","-9,379",,,,,,,,,,,,,,,
PACE,30Jul2017,Mountain,N,"156,073","146,089","140,891","-5,198",,,,,,,,,,"9,834","18,599","2,882","6,422","-3,385","-29,636","-9,542",,,,,,,,,,,,,,,
PACE,31Jul2017,Mountain,N,"167,752","159,583","142,815","-16,768",,,,,,,,,,"9,167","15,841","-2,765","6,117","-2,308","-29,687","-12,774",,,,,,,,,,,,,,,
PACE,01Aug2017,Mountain,N,"167,455","160,749","144,060","-16,689",,,,,,,,,,"2,155","21,386",-837,"7,502",520,"-30,533","-16,527",,,,,,,,,,,,,,,
PACE,02Aug2017,Mountain,N,"165,510","159,617","144,480","-14,968",,,,,,,,,,"1,234","27,253","-2,919","7,478","1,079","-30,816","-17,939",,,,,,,,,,,,,,,
PACE,03Aug2017,Mountain,N,"164,993","157,824","147,644","-10,180",,,,,,,,,,"1,198","28,221","1,591","8,824",739,"-30,810","-19,620",,,,,,,,,,,,,,,
PACE,04Aug2017,Mountain,N,"162,233","155,866","153,104","-2,762",,,,,,,,,,"1,972","30,040","6,313","9,497","-2,560","-30,601","-17,042",,,,,,,,,,,,,,,
PACE,05Aug2017,Mountain,N,"152,548","148,912","145,184","-3,728",,,,,,,,,,587,"22,169","5,506","8,612","-1,961","-22,590","-15,667",,,,,,,,,,,,,,,
PACE,06Aug2017,Mountain,N,"146,159","146,159","145,563",,,,,,,,,,,"1,120","20,543","4,031","7,131","-1,892","-18,436","-15,530",,,,,,,,,,,,,,,
PACE,07Aug2017,Mountain,N,"157,449","157,449",,,,,,,,,,,,"1,362","21,920","5,849","8,314","-1,567","-23,390","-14,121",,,,,,,,,,,,,,,
PACE,08Aug2017,Mountain,N,"155,130","141,129","166,464","-6,755",,,,,,,,,,376,"26,390","4,505","7,240",181,"-28,089","-16,942",,,,,,,,,,,,,,,
PACE,09Aug2017,Mountain,N,"154,913","143,102","127,337","-15,118",,,,,,,,,,-574,"25,068","2,491","5,404","-1,685","-26,733","-18,691",,,,,,,,,,,,,,,
PACE,10Aug2017,Mountain,N,"154,931","145,840","134,836","-11,004",,,,,,,,,,"2,093","26,991","1,920","7,959","-3,293","-29,941","-16,342",,,,,,,,,,,,,,,
PACE,11Aug2017,Mountain,N,"153,851","145,869","143,469","-2,400",,,,,,,,,,"3,844","29,373","2,778","8,612","-2,203","-29,942","-14,483",,,,,,,,,,,,,,,
PACE,12Aug2017,Mountain,N,"148,336","143,296","135,670","-7,626",,,,,,,,,,"3,384","20,280","1,800","5,371","-3,151","-21,502","-13,418",,,,,,,,,,,,,,,
PACE,13Aug2017,Mountain,N,"146,813","142,837","131,435","-11,402",,,,,,,,,,"3,171","13,079","5,733","5,253","-2,923","-22,355","-13,063",,,,,,,,,,,,,,,
PACE,14Aug2017,Mountain,N,"157,653","142,416","137,346","-5,070",,,,,,,,,,"2,612","21,684","5,073","7,296",-939,"-26,337","-14,081",,,,,,,,,,,,,,,
PACE,15Aug2017,Mountain,N,"147,846","147,846","137,829",,,,,,,,,,,"1,287","24,356","3,031","5,833",-466,"-28,088","-11,121",,,,,,,,,,,,,,,
PACE,16Aug2017,Mountain,N,"148,218","137,050","134,227","-2,823",,,,,,,,,,"3,607","24,788","3,814","6,354",-76,"-27,049","-13,848",,,,,,,,,,,,,,,
PACE,17Aug2017,Mountain,N,"152,628","145,278","143,366","-1,912",,,,,,,,,,"4,556","23,160","3,508","6,292",-580,"-26,302","-12,153",,,,,,,,,,,,,,,
PACE,18Aug2017,Mountain,N,"152,009","147,618","140,903","-6,715",,,,,,,,,,"5,645","21,756","3,629","5,936","-2,020","-28,410","-12,875",,,,,,,,,,,,,,,
PACE,19Aug2017,Mountain,N,"145,476","143,329","142,848",-481,,,,,,,,,,"6,303","22,862","4,022","7,009",-761,"-27,730","-11,820",,,,,,,,,,,,,,,
PACE,20Aug2017,Mountain,N,"144,582","141,601","139,479","-2,122",,,,,,,,,,"5,497","25,975","3,796","6,718",-478,"-29,762","-13,491",,,,,,,,,,,,,,,
PACE,21Aug2017,Mountain,N,"147,934","148,275","141,818","-6,457",,,,,,,,,,-262,"28,778","3,720","6,369","-1,027","-30,181","-13,463",,,,,,,,,,,,,,,
PACE,22Aug2017,Mountain,N,"154,803","147,629","148,207",578,,,,,,,,,,"4,932","28,416","2,631","6,522",-643,"-28,074","-12,789",,,,,,,,,,,,,,,
PACE,23Aug2017,Mountain,N,"152,403","145,121","149,105","3,984",,,,,,,,,,"7,558","28,464","4,322","8,402",-974,"-30,894","-12,494",,,,,,,,,,,,,,,
PACE,24Aug2017,Mountain,N,"153,063","144,718","137,070","-7,648",,,,,,,,,,"7,568","21,862","3,249","6,236","-1,956","-28,925","-15,286",,,,,,,,,,,,,,,
PACE,25Aug2017,Mountain,N,"156,648","144,501","134,986","-9,515",,,,,,,,,,"7,595","25,121",-116,"5,940",-259,"-28,851","-18,553",,,,,,,,,,,,,,,
PACE,26Aug2017,Mountain,N,"151,130","143,783","137,583","-6,200",,,,,,,,,,"5,597","28,120","1,849","5,200",257,"-29,583","-17,284",,,,,,,,,,,,,,,
PACE,27Aug2017,Mountain,N,"148,356","142,465","136,601","-5,864",,,,,,,,,,"4,530","32,946",294,"6,390","-1,234","-27,731","-20,710",,,,,,,,,,,,,,,
PACE,28Aug2017,Mountain,N,"160,079","153,058","142,458","-10,600",,,,,,,,,,"4,596","30,845","2,196","7,034","-2,186","-29,865","-22,875",,,,,,,,,,,,,,,
PACE,29Aug2017,Mountain,N,"162,708","153,014","149,443","-3,073",,,,,,,,,,"8,264","29,115","4,521","8,140","-1,913","-30,931","-19,934",,,,,,,,,,,,,,,
PACE,30Aug2017,Mountain,N,"160,610","147,843","139,494","-8,349",,,,,,,,,,"8,029","17,580","5,570","9,004","-3,205","-29,864","-15,045",,,,,,,,,,,,,,,
PACE,31Aug2017,Mountain,N,"159,413","147,364","143,317","-4,047",,,,,,,,,,"8,373","18,391","6,874","8,454","-1,793","-28,910","-15,038",,,,,,,,,,,,,,,
PACE,01Sep2017,Mountain,N,"156,890","141,974","147,379","5,405",,,,,,,,,,"8,584","30,117","5,397","9,013",25,"-30,670","-16,672",,,,,,,,,,,,,,,
PACE,02Sep2017,Mountain,N,"152,806","137,325","141,372","4,047",,,,,,,,,,"9,166","31,011","4,838","9,456","-2,304","-30,635","-17,112",,,,,,,,,,,,,,,
PACE,03Sep2017,Mountain,N,"151,444","133,737","140,901","7,164",,,,,,,,,,"9,389","30,531","4,506","8,240",137,"-30,328","-14,955",,,,,,,,,,,,,,,
PACE,04Sep2017,Mountain,N,"151,493","138,604","149,739","11,135",,,,,,,,,,"9,706","29,730","4,060","9,421",717,"-30,862","-11,283",,,,,,,,,,,,,,,
PACE,05Sep2017,Mountain,N,"160,160","146,495","149,362","2,867",,,,,,,,,,"9,333","24,444","3,088","9,007","-1,067","-30,244","-11,336",,,,,,,,,,,,,,,
PACE,06Sep2017,Mountain,N,"157,797","141,521","139,525","-1,996",,,,,,,,,,"9,378","23,460","2,909","7,444","-2,474","-31,222","-10,974",,,,,,,,,,,,,,,
PACE,07Sep2017,Mountain,N,"150,303","144,018","139,221","-4,797",,,,,,,,,,"9,364","19,423","3,363","7,180","-2,827","-29,821","-11,089",,,,,,,,,,,,,,,
PACE,08Sep2017,Mountain,N,"147,512","140,471","142,042","1,571",,,,,,,,,,"9,889","23,619","5,287","7,136","-2,009","-31,408","-10,525",,,,,,,,,,,,,,,
PACE,09Sep2017,Mountain,N,"139,483","130,035","137,517","7,482",,,,,,,,,,"10,023","26,220","5,874","7,071","-5,465","-26,932","-8,859",,,,,,,,,,,,,,,
PACE,10Sep2017,Mountain,N,"135,983","134,504","131,297","-3,207",,,,,,,,,,"7,269","22,219","5,998","5,296","-4,683","-25,983","-12,898",,,,,,,,,,,,,,,
PACE,11Sep2017,Mountain,N,"146,522","144,821","138,357","-6,464",,,,,,,,,,"9,804","22,150","5,527","5,982","-4,634","-30,631","-14,231",,,,,,,,,,,,,,,
PACE,12Sep2017,Mountain,N,"148,346","143,574","140,987","-2,587",,,,,,,,,,"7,806","20,371","5,965","6,935","-3,379","-27,142","-12,750",,,,,,,,,,,,,,,
PACE,13Sep2017,Mountain,N,"149,258","140,369","146,537","6,168",,,,,,,,,,"6,341","23,125","5,850","8,507","-4,627","-28,678","-3,938",,,,,,,,,,,,,,,
PACE,14Sep2017,Mountain,N,"141,267","129,670","131,883","2,213",,,,,,,,,,"6,800","23,098","5,062","5,055","-4,085","-25,903","-7,356",,,,,,,,,,,,,,,
PACE,15Sep2017,Mountain,N,"133,090","124,805","125,900","1,095",,,,,,,,,,"8,790","19,420","6,318","6,022","-1,767","-27,494","-9,709",,,,,,,,,,,,,,,
PACE,16Sep2017,Mountain,N,"124,371","110,190","127,150","16,960",,,,,,,,,,"13,071","24,943","5,283","9,077","-4,091","-27,826","-2,995",,,,,,,,,,,,,,,
PACE,17Sep2017,Mountain,N,"124,121","112,954","123,391","10,437",,,,,,,,,,"12,999","24,353","4,583","8,524","-4,217","-28,438","-6,903",,,,,,,,,,,,,,,
PACE,18Sep2017,Mountain,N,"136,589","129,232","135,026","5,794",,,,,,,,,,"10,636","18,367","5,474","5,693","-2,292","-22,176","-9,485",,,,,,,,,,,,,,,
PACE,19Sep2017,Mountain,N,"128,204","125,366","137,306","11,940",,,,,,,,,,"9,009","16,402","6,481","7,227",-961,"-18,249","-7,974",,,,,,,,,,,,,,,
PACE,20Sep2017,Mountain,N,"126,885","117,508","128,584","11,076",,,,,,,,,,"6,281","19,762","4,718","9,082","-1,381","-18,840","-7,944",,,,,,,,,,,,,,,
PACE,21Sep2017,Mountain,N,"123,532","117,309","123,145","5,836",,,,,,,,,,"8,574","25,889","3,249","8,454","-1,549","-24,186","-14,152",,,,,,,,,,,,,,,
PACE,22Sep2017,Mountain,N,"121,529","117,492","115,819","-1,673",,,,,,,,,,"7,553","26,210","3,658","7,472","-1,084","-25,965","-18,974",,,,,,,,,,,,,,,
PACE,23Sep2017,Mountain,N,"117,312","113,468","111,831","-1,637",,,,,,,,,,"7,642","23,265","2,641","6,771","-1,339","-23,043","-17,022",,,,,,,,,,,,,,,
PACE,24Sep2017,Mountain,N,"116,227","114,047","110,690","-3,357",,,,,,,,,,"9,203","20,712","3,006","8,204","-2,492","-25,686","-15,753",,,,,,,,,,,,,,,
PACE,25Sep2017,Mountain,N,"123,173","120,371","113,681","-6,690",,,,,,,,,,"9,698","18,162","3,502","7,124","-3,712","-27,228","-13,704",,,,,,,,,,,,,,,
PACE,26Sep2017,Mountain,N,"120,070","121,765","128,249","-2,710",,,,,,,,,,"9,170","21,795","5,013","6,671","-2,916","-28,656","-13,357",,,,,,,,,,,,,,,
PACE,27Sep2017,Mountain,N,"121,737","122,626","138,701","6,220",,,,,,,,,,"9,241","23,059","6,746","8,365","-2,032","-27,999","-10,650",,,,,,,,,,,,,,,
PACE,28Sep2017,Mountain,N,"121,969","122,858","139,160","5,260",,,,,,,,,,"10,132","20,320","6,715","7,369","-1,361","-26,364","-11,061",,,,,,,,,,,,,,,
PACE,29Sep2017,Mountain,N,"122,265","122,149","136,482","4,420",,,,,,,,,,"10,342","17,261","6,662","8,556",-766,"-26,100","-11,054",,,,,,,,,,,,,,,
PACE,30Sep2017,Mountain,N,"114,400","113,051","124,268","3,343",,,,,,,,,,"2,231","17,219","6,776","8,044",-988,"-23,465","-6,027",,,,,,,,,,,,,,,
PACE,01Oct2017,Mountain,N,"115,508","112,814","118,538","-2,032",,,,,,,,,,897,"16,738","6,679","6,496",-549,"-22,588","-9,208",,,,,,,,,,,,,,,
PACE,02Oct2017,Mountain,N,"123,901","122,449","127,736","-4,156",,,,,,,,,,"4,870","23,182","5,497","7,994","-2,474","-28,955","-13,704",,,,,,,,,,,,,,,
PACE,03Oct2017,Mountain,N,"124,411","124,160","128,162","-4,957",,,,,,,,,,"7,816","19,682","5,261","5,748","-2,196","-25,850","-14,916",,,,,,,,,,,,,,,
PACE,04Oct2017,Mountain,N,"125,026","123,325","137,369",-810,,,,,,,,,,"8,528","24,169","6,697","6,807","-2,616","-28,438","-15,503",,,,,,,,,,,,,,,
PACE,05Oct2017,Mountain,N,"124,508","123,610","130,755","-7,748",,,,,,,,,,"8,050","21,322","4,315","6,910","-2,636","-29,263","-15,946",,,,,,,,,,,,,,,
PACE,06Oct2017,Mountain,N,"123,126","117,896","127,535",194,,,,,,,,,,"6,529","23,349","7,033","7,996","-2,210","-24,810","-17,184",,,,,,,,,,,,,,,
PACE,07Oct2017,Mountain,N,"117,801","113,831","129,802","11,123",,,,,,,,,,"7,291","20,180","8,962","8,893","-2,602","-17,069","-14,067",,,,,,,,,,,,,,,
PACE,08Oct2017,Mountain,N,"115,366","115,135","118,123","-2,647",,,,,,,,,,"4,537","22,836","6,442","7,743",-628,"-24,900","-18,192",,,,,,,,,,,,,,,
PACE,09Oct2017,Mountain,N,"126,284","120,239","118,950","-8,819",,,,,,,,,,"5,323","23,747","5,095","8,631","-2,657","-27,995","-20,420",,,,,,,,,,,,,,,
PACE,10Oct2017,Mountain,N,"126,132","123,323","120,927","-11,307",,,,,,,,,,"6,360","19,655","3,657","7,917","-2,386","-27,978","-18,005",,,,,,,,,,,,,,,
PACE,11Oct2017,Mountain,N,"125,993","118,817","120,063","-5,726",,,,,,,,,,"4,342","20,773","7,059","7,890","-1,397","-27,883","-16,036",,,,,,,,,,,,,,,
PACE,12Oct2017,Mountain,N,"124,447","116,991","130,467","3,200",,,,,,,,,,"6,679","24,495","6,302","8,855","-1,675","-25,083","-15,861",,,,,,,,,,,,,,,
PACE,13Oct2017,Mountain,N,"121,321","117,492","137,261","10,503",,,,,,,,,,"7,772","26,247","7,428","7,984","-1,191","-24,014","-13,227",,,,,,,,,,,,,,,
PACE,14Oct2017,Mountain,N,"119,135","118,790","134,447","7,964",,,,,,,,,,"6,216","25,591","7,440","8,667","-1,886","-22,427","-15,100",,,,,,,,,,,,,,,
PACE,15Oct2017,Mountain,N,"116,933","112,623","134,253","12,591",,,,,,,,,,"7,209","24,377","7,263","8,854","-2,648","-22,106","-9,825",,,,,,,,,,,,,,,
PACE,16Oct2017,Mountain,N,"125,313","122,742","142,877","10,670",,,,,,,,,,"7,728","22,240","8,506","9,647","-3,466","-20,229","-13,258",,,,,,,,,,,,,,,
PACE,17Oct2017,Mountain,N,"125,308","122,449","143,551","11,366",,,,,,,,,,"8,326","19,313","9,433","9,683","-2,061","-20,005","-12,862",,,,,,,,,,,,,,,
PACE,18Oct2017,Mountain,N,"127,003","121,559","144,762","11,352",,,,,,,,,,"9,322","18,967","11,329","9,586","-4,027","-20,931","-12,418",,,,,,,,,,,,,,,
PACE,19Oct2017,Mountain,N,"126,890","122,351","136,862","4,388",,,,,,,,,,"8,190","18,775","8,304","6,708","-2,776","-21,343","-13,012",,,,,,,,,,,,,,,
PACE,20Oct2017,Mountain,N,"123,657","121,353","143,972","11,934",,,,,,,,,,"6,688","22,351","9,581","8,539","-2,103","-18,429","-14,209",,,,,,,,,,,,,,,
PACE,21Oct2017,Mountain,N,"120,350","119,042","141,826","14,455",,,,,,,,,,"7,200","29,757","9,117","9,304","-2,500","-21,269","-16,613",,,,,,,,,,,,,,,
PACE,22Oct2017,Mountain,N,"116,501","112,776","138,849","18,326",,,,,,,,,,"7,821","24,338","10,392","10,188","-1,923","-18,581","-13,411",,,,,,,,,,,,,,,
PACE,23Oct2017,Mountain,N,"125,422","119,566","140,335","10,628",,,,,,,,,,"9,904","20,023","9,020","10,514","-2,294","-23,274","-12,766",,,,,,,,,,,,,,,
PACE,24Oct2017,Mountain,N,"125,449","119,223","146,845","15,604",,,,,,,,,,"10,742","19,754","10,198","12,155","-3,362","-25,045","-8,317",,,,,,,,,,,,,,,
PACE,25Oct2017,Mountain,N,"123,183","119,746","154,109","19,257",,,,,,,,,,"10,844","20,862","12,578","12,501","-2,059","-24,994","-9,979",,,,,,,,,,,,,,,
PACE,26Oct2017,Mountain,N,"123,715","121,816","145,724","11,674",,,,,,,,,,"12,878","20,981","10,522","11,083","-2,232","-28,257","-12,799",,,,,,,,,,,,,,,
PACE,27Oct2017,Mountain,N,"124,130","121,365","144,465","11,048",,,,,,,,,,"13,469","22,115","10,972","10,199","-2,297","-31,488","-11,403",,,,,,,,,,,,,,,
PACE,28Oct2017,Mountain,N,"118,726","114,775","135,626","10,817",,,,,,,,,,"13,585","18,910","10,659","8,543","-2,121","-27,381","-10,857",,,,,,,,,,,,,,,
PACE,29Oct2017,Mountain,N,"115,623","114,141","135,899","11,866",,,,,,,,,,"13,127","19,943","9,823","8,565","-1,230","-29,604","-8,263",,,,,,,,,,,,,,,
PACE,30Oct2017,Mountain,N,"125,182","123,522","138,980","3,731",,,,,,,,,,"12,446","12,990","9,268","8,423","-1,609","-25,684","-11,613",,,,,,,,,,,,,,,
PACE,31Oct2017,Mountain,N,"124,941","125,823","149,091","9,898",,,,,,,,,,"8,738","14,922","10,349","10,778","-1,706","-20,044","-12,615",,,,,,,,,,,,,,,
PACE,01Nov2017,Mountain,N,"125,942","121,541","140,034","9,886",,,,,,,,,,"7,260","8,725","12,752","12,342","-1,649","-21,646","-7,424",,,,,,,,,,,,,,,
PACE,02Nov2017,Mountain,N,"126,481","121,810","140,087","7,123",,,,,,,,,,"8,354","14,173","10,396","9,728","-1,382","-24,571","-9,086",,,,,,,,,,,,,,,
PACE,03Nov2017,Mountain,N,"123,342","121,055","145,030","13,016",,,,,,,,,,"9,249","16,390","11,007","11,023","-1,834","-21,467","-10,847",,,,,,,,,,,,,,,
PACE,04Nov2017,Mountain,N,"118,215","115,322","139,570","13,541",,,,,,,,,,"8,366","27,957","10,844","9,101",-565,"-26,459","-15,210",,,,,,,,,,,,,,,
PACE,05Nov2017,Mountain,N,"126,076","117,467","134,810","9,558",,,,,,,,,,"7,406","31,140","7,055","10,324",-115,"-30,601","-15,005",,,,,,,,,,,,,,,
PACE,06Nov2017,Mountain,N,"133,517","124,671","143,029","4,292",,,,,,,,,,"5,110","30,018","6,708","3,941",377,"-24,968","-16,374",,,,,,,,,,,,,,,
PACE,07Nov2017,Mountain,N,"134,335","127,513","150,882","5,634",,,,,,,,,,"7,906","29,800","6,503","4,606",-872,"-28,552","-13,231",,,,,,,,,,,,,,,
PACE,08Nov2017,Mountain,N,"134,045","128,152","146,408","3,095",,,,,,,,,,"8,386","23,236","7,518","4,923",-838,"-29,005","-10,590",,,,,,,,,,,,,,,
PACE,09Nov2017,Mountain,N,"130,549","123,602","138,362","-3,585",,,,,,,,,,"9,007","14,835","7,517","5,195","-3,198","-25,018","-11,425",,,,,,,,,,,,,,,
PACE,10Nov2017,Mountain,N,"125,355","122,030","140,129","3,263",,,,,,,,,,"7,602","21,143","6,342","3,671","-1,710","-22,199","-11,094",,,,,,,,,,,,,,,
PACE,11Nov2017,Mountain,N,"119,592","119,800","138,932","5,442",,,,,,,,,,"5,573","25,679","6,955","5,667",-576,"-19,872","-17,460",,,,,,,,,,,,,,,
PACE,12Nov2017,Mountain,N,"118,052","117,527","141,283","10,797",,,,,,,,,,"10,942","23,211","8,405","6,713","-2,316","-25,365","-10,285",,,,,,,,,,,,,,,
PACE,13Nov2017,Mountain,N,"127,280","122,780","142,488","7,511",,,,,,,,,,"9,461","22,186","6,664","5,179","-1,411","-24,429","-9,692",,,,,,,,,,,,,,,
PACE,14Nov2017,Mountain,N,"126,332","127,102","146,129","4,354",,,,,,,,,,"8,840","17,486","8,396","3,797","-1,268","-19,941","-12,454",,,,,,,,,,,,,,,
PACE,15Nov2017,Mountain,N,"125,375","122,509","148,060","12,097",,,,,,,,,,"12,375","21,112","9,017","5,698","-1,259","-24,638","-9,714",,,,,,,,,,,,,,,
PACE,16Nov2017,Mountain,N,"124,697","124,848","148,575","11,868",,,,,,,,,,"12,504","20,693","10,063","4,279","-1,507","-23,464","-10,210",,,,,,,,,,,,,,,
PACE,17Nov2017,Mountain,N,"129,387","127,721","140,838","2,744",,,,,,,,,,"12,073","14,268","8,593","4,637","-1,987","-19,515","-14,838",,,,,,,,,,,,,,,
PACE,18Nov2017,Mountain,N,"127,386","123,389","138,005","4,350",,,,,,,,,,"8,813","25,085","8,190","8,378","-1,726","-26,123","-17,711",,,,,,,,,,,,,,,
PACE,19Nov2017,Mountain,N,"124,472","122,937","141,293","8,350",,,,,,,,,,"8,371","24,915","8,118","9,936","-2,086","-27,846","-12,522",,,,,,,,,,,,,,,
PACE,20Nov2017,Mountain,N,"131,964","128,052","140,920","3,192",,,,,,,,,,"7,149","19,590","8,407","7,465","-1,881","-20,963","-16,067",,,,,,,,,,,,,,,
PACE,21Nov2017,Mountain,N,"129,662","123,309","143,444","9,548",,,,,,,,,,"8,939","23,410","8,454","9,912",-701,"-25,075","-14,860",,,,,,,,,,,,,,,
PACE,22Nov2017,Mountain,N,"127,109","123,674","146,430","12,801",,,,,,,,,,"9,618","16,616","7,748","9,519","-1,538","-19,842","-8,809",,,,,,,,,,,,,,,
PACE,23Nov2017,Mountain,N,"116,477","110,879","140,437","22,628",,,,,,,,,,"8,918","21,449","8,704","10,216",-512,"-18,859","-6,807",,,,,,,,,,,,,,,
PACE,24Nov2017,Mountain,N,"118,068","116,341","133,250","9,563",,,,,,,,,,"7,322","19,460","8,107","8,051","-3,083","-19,355","-10,467",,,,,,,,,,,,,,,
PACE,25Nov2017,Mountain,N,"120,236","117,211","141,308","16,746",,,,,,,,,,"10,049","26,643","7,142","10,488","-1,272","-27,767","-8,044",,,,,,,,,,,,,,,
PACE,26Nov2017,Mountain,N,"117,697","118,432","138,919","13,683",,,,,,,,,,"9,548","22,101","7,117","9,372",-961,"-25,031","-8,019",,,,,,,,,,,,,,,
PACE,27Nov2017,Mountain,N,"128,920","127,517","138,590","4,216",,,,,,,,,,"8,100","17,214","7,404","7,162","-2,585","-22,122","-10,464",,,,,,,,,,,,,,,
PACE,28Nov2017,Mountain,N,"133,429","128,625","133,617","-4,127",,,,,,,,,,"9,536","19,646","4,889","7,911","-4,039","-25,893","-15,626",,,,,,,,,,,,,,,
PACE,29Nov2017,Mountain,N,"133,251","128,649","148,160","9,904",,,,,,,,,,"10,294","17,594","6,769","8,801","-5,023","-17,151","-10,832",,,,,,,,,,,,,,,
PACE,30Nov2017,Mountain,N,"130,698","128,454","148,812","10,449",,,,,,,,,,"10,934","21,063","6,007","8,583","-5,006","-18,978","-11,626",,,,,,,,,,,,,,,
PACE,01Dec2017,Mountain,N,"134,791","127,634","149,686","11,697",,,,,,,,,,"10,271","23,087","6,502","7,699","-4,481","-22,086","-8,767",,,,,,,,,,,,,,,
PACE,02Dec2017,Mountain,N,"129,445","121,577","144,148","13,892",,,,,,,,,,"9,584","26,287","7,502","7,722","-3,539","-24,931","-8,233",,,,,,,,,,,,,,,
PACE,03Dec2017,Mountain,N,"125,703","120,989","142,741","12,070",,,,,,,,,,"8,107","23,441","8,170","6,544","-3,531","-19,973","-10,173",,,,,,,,,,,,,,,
PACE,04Dec2017,Mountain,N,"141,619","133,789","138,510","-4,927",,,,,,,,,,"5,417","18,593","6,721","5,083","-3,638","-24,041","-12,510",,,,,,,,,,,,,,,
PACE,05Dec2017,Mountain,N,"141,481","134,354","151,870","3,951",,,,,,,,,,"8,470","26,878","6,353","1,796","-2,833","-27,003","-9,157",,,,,,,,,,,,,,,
PACE,06Dec2017,Mountain,N,"141,475","135,309","151,370","1,764",,,,,,,,,,"8,527","24,353","6,297","3,379","-2,608","-25,847","-11,785",,,,,,,,,,,,,,,
PACE,07Dec2017,Mountain,N,"139,676","137,436","160,721","7,499",,,,,,,,,,"11,276","24,713","6,489","3,087","-3,126","-26,571","-7,818",,,,,,,,,,,,,,,
PACE,08Dec2017,Mountain,N,"142,138","134,552","147,240",938,,,,,,,,,,"10,207","24,241","6,478","2,928","-3,033","-26,223","-13,107",,,,,,,,,,,,,,,
PACE,09Dec2017,Mountain,N,"134,798","128,199","147,654","7,028",,,,,,,,,,"10,629","28,465","6,476","6,140","-4,692","-28,922","-10,515",,,,,,,,,,,,,,,
PACE,10Dec2017,Mountain,N,"133,396","126,117","145,379","6,490",,,,,,,,,,"11,133","29,152","5,494","6,124","-3,874","-30,000","-10,986",,,,,,,,,,,,,,,
PACE,11Dec2017,Mountain,N,"142,112","134,526","156,375","-5,620",,,,,,,,,,"10,035","28,292",71,"5,432","-3,606","-31,386","-13,905",,,,,,,,,,,,,,,
PACE,12Dec2017,Mountain,N,"142,921","137,039","155,943","-4,963",,,,,,,,,,"9,110","25,346","3,036","4,995","-4,047","-31,415","-11,440",,,,,,,,,,,,,,,
PACE,13Dec2017,Mountain,N,"140,850","141,655","149,227","-15,616",,,,,,,,,,"8,766","22,772","1,179","3,764","-4,379","-30,377","-16,795",,,,,,,,,,,,,,,
PACE,14Dec2017,Mountain,N,"140,744","137,266","159,196","-1,331",,,,,,,,,,"9,144","26,713","3,518","5,166","-3,699","-31,556","-10,063",,,,,,,,,,,,,,,
PACE,15Dec2017,Mountain,N,"138,715","133,371","165,623","9,677",,,,,,,,,,"9,243","29,752","6,698","5,976","-2,215","-30,725","-8,536",,,,,,,,,,,,,,,
PACE,16Dec2017,Mountain,N,"135,771","134,369","146,932","-10,626",,,,,,,,,,"8,528","19,754","4,147","4,389","-3,988","-28,655","-14,256",,,,,,,,,,,,,,,
PACE,17Dec2017,Mountain,N,"135,328","134,037","147,904","-6,192",,,,,,,,,,"9,157","19,609","4,786","3,448","-4,646","-28,753","-9,241",,,,,,,,,,,,,,,
PACE,18Dec2017,Mountain,N,"142,283","140,181","166,001","3,473",,,,,,,,,,"9,862","19,595","6,536","5,058","-3,265","-25,941","-7,821",,,,,,,,,,,,,,,
PACE,19Dec2017,Mountain,N,"142,259","137,813","171,288","10,242",,,,,,,,,,"11,143","26,049","7,041","5,464","-2,213","-28,771","-7,945",,,,,,,,,,,,,,,
PACE,20Dec2017,Mountain,N,"143,027","138,345","169,721","7,303",,,,,,,,,,"9,683","28,359","6,758","3,802","-1,781","-29,412","-9,578",,,,,,,,,,,,,,,
PACE,21Dec2017,Mountain,N,"146,450","144,839","172,434",-326,,,,,,,,,,"10,674","23,238","6,083","2,916","-3,110","-28,340","-11,233",,,,,,,,,,,,,,,
PACE,22Dec2017,Mountain,N,"143,818","143,382","190,339","19,577",,,,,,,,,,"12,737","24,607","8,451","5,295","-1,430","-26,631","-2,909",,,,,,,,,,,,,,,
PACE,23Dec2017,Mountain,N,"137,818","139,907","179,464","17,764",,,,,,,,,,"12,444","19,287","7,162","9,490","-2,273","-28,555",750,,,,,,,,,,,,,,,
PACE,24Dec2017,Mountain,N,"130,922","136,967","182,765","25,318",,,,,,,,,,"13,017","22,620","7,488","8,863","-1,666","-24,514",58,,,,,,,,,,,,,,,
PACE,25Dec2017,Mountain,N,"127,781","129,626","176,222","26,380",,,,,,,,,,"14,265","26,449","6,901","10,673",-455,"-29,663","-1,260",,,,,,,,,,,,,,,
PACE,26Dec2017,Mountain,N,"143,167","136,515","174,407","17,271",,,,,,,,,,"13,656","23,831","6,190","9,789","-2,220","-30,211","-3,223",,,,,,,,,,,,,,,
PACE,27Dec2017,Mountain,N,"141,307","141,720","188,515","25,686",,,,,,,,,,"12,473","26,655","7,902","8,899",-396,"-29,401",79,,,,,,,,,,,,,,,
PACE,28Dec2017,Mountain,N,"140,685","138,303","184,083","26,050",,,,,,,,,,"12,223","29,329","8,507","9,515",66,"-30,481","-2,587",,,,,,,,,,,,,,,
PACE,29Dec2017,Mountain,N,"138,745","135,473","173,502","20,222",,,,,,,,,,"11,246","25,527","7,857","7,890",-914,"-25,511","-5,370",,,,,,,,,,,,,,,
PACE,30Dec2017,Mountain,N,"134,234","130,062","151,629","6,224",,,,,,,,,,"9,990","15,112","6,541","5,410",-938,"-22,581","-6,820",,,,,,,,,,,,,,,
PACE,31Dec2017,Mountain,N,"129,893","129,842","147,152",144,,,,,,,,,,"10,821","19,901","4,823","5,625","-1,710","-32,383","-6,384",,,,,,,,,,,,,,,
PACE,01Jan2018,Mountain,N,"131,722","131,906","157,512","7,186",,,,,,,,,,"12,903","18,719","4,754","7,056","-1,239","-31,570","-2,893",,,,,,,,,,,,,,,
PACE,02Jan2018,Mountain,N,"139,943","140,446","165,921","6,425",,,,,,,,,,"13,065","19,003","3,562","7,814","-1,558","-32,181","-2,728",,,,,,,,,,,,,,,
PACE,03Jan2018,Mountain,N,"140,069","136,970","157,939","4,261",,,,,,,,,,"12,425","15,675","3,421","9,159","-3,435","-30,881","-1,556",,,,,,,,,,,,,,,
PACE,04Jan2018,Mountain,N,"142,364","136,032","153,796",428,,,,,,,,,,"12,712","11,166","3,723","8,529","-5,311","-29,605",-241,,,,,,,,,,,,,,,
PACE,05Jan2018,Mountain,N,"138,866","136,212","155,034","2,099",,,,,,,,,,"11,763","10,360","5,017","7,296","-4,659","-26,990",-164,,,,,,,,,,,,,,,
PACE,06Jan2018,Mountain,N,"133,361","133,383","154,009","3,627",,,,,,,,,,"10,796","9,202","6,135","6,775","-3,784","-21,795","-3,174",,,,,,,,,,,,,,,
PACE,07Jan2018,Mountain,N,"131,902","128,774","159,480","13,301",,,,,,,,,,"10,845","20,089","5,650","7,287",-554,"-25,721","-3,744",,,,,,,,,,,,,,,
PACE,08Jan2018,Mountain,N,"140,174","138,867","157,378",-134,,,,,,,,,,"9,164","11,410","3,548","6,264","-2,395","-22,817","-4,772",,,,,,,,,,,,,,,
PACE,09Jan2018,Mountain,N,"139,538","134,110","150,870","-1,584",,,,,,,,,,"7,947","9,447","6,286","5,237","-1,707","-19,705","-8,600",,,,,,,,,,,,,,,
PACE,10Jan2018,Mountain,N,"140,224","133,754","153,737",-272,,,,,,,,,,"7,064","12,267","5,824","3,922","-1,484","-19,537","-7,777",,,,,,,,,,,,,,,
PACE,11Jan2018,Mountain,N,"140,414","134,708","163,549","8,089",,,,,,,,,,"7,366","20,511","6,710","6,096","-1,384","-24,364","-6,299",,,,,,,,,,,,,,,
PACE,12Jan2018,Mountain,N,"139,679","132,001","156,622","4,888",,,,,,,,,,"6,037","13,488","6,269","5,662","-4,185","-18,223","-3,622",,,,,,,,,,,,,,,
PACE,13Jan2018,Mountain,N,"134,429","128,358","163,762","16,419",,,,,,,,,,"8,893","13,925","5,717","8,568","-4,565","-19,801","4,217",,,,,,,,,,,,,,,
PACE,14Jan2018,Mountain,N,"130,943","127,383","159,932","13,168",,,,,,,,,,"7,044","15,050","5,188","9,218","-2,654","-20,845",717,,,,,,,,,,,,,,,
PACE,15Jan2018,Mountain,N,"140,064","135,273","163,342","5,790",,,,,,,,,,"9,893","15,778","3,974","8,994","-3,964","-25,442","-2,244",,,,,,,,,,,,,,,
PACE,16Jan2018,Mountain,N,"140,475","136,609","170,653","10,854",,,,,,,,,,"12,185","12,320","4,240","9,185","-6,161","-23,697","3,328",,,,,,,,,,,,,,,
PACE,17Jan2018,Mountain,N,"138,903","134,170","162,250","8,960",,,,,,,,,,"13,369","10,910","6,052","6,446","-5,146","-25,426","3,270",,,,,,,,,,,,,,,
PACE,18Jan2018,Mountain,N,"136,356","133,814","167,265","15,350",,,,,,,,,,"13,895","13,462","5,743","4,239","-2,825","-22,201","3,552",,,,,,,,,,,,,,,
PACE,19Jan2018,Mountain,N,"134,808","135,739","161,380","7,991",,,,,,,,,,"10,885","16,650","5,629","5,334","-4,777","-21,225","-4,004",,,,,,,,,,,,,,,
PACE,20Jan2018,Mountain,N,"134,314","135,385","149,692","-8,844",,,,,,,,,,"6,208","10,550","4,163","5,874","-5,102","-23,353","-6,649",,,,,,,,,,,,,,,
PACE,21Jan2018,Mountain,N,"132,667","132,701","156,704","3,446",,,,,,,,,,"11,062","11,149","4,622","7,063","-5,318","-18,620","-5,975",,,,,,,,,,,,,,,
PACE,22Jan2018,Mountain,N,"141,665","143,969","166,705","2,487",,,,,,,,,,"11,409","9,895","6,061","6,759","-3,877","-22,262","-4,882",,,,,,,,,,,,,,,
PACE,23Jan2018,Mountain,N,"145,849","140,540","165,194","5,493",,,,,,,,,,"13,084","13,731","5,478","7,314","-3,352","-25,728","-4,479",,,,,,,,,,,,,,,
PACE,24Jan2018,Mountain,N,"143,665","138,743","169,828","12,359",,,,,,,,,,"13,189","10,852","6,101","7,345","-2,955","-17,936","-3,702",,,,,,,,,,,,,,,
PACE,25Jan2018,Mountain,N,"143,758","136,142","173,893","18,639",,,,,,,,,,"14,008","19,020","7,310","8,094","-2,741","-21,770","-4,747",,,,,,,,,,,,,,,
PACE,26Jan2018,Mountain,N,"142,003","135,074","167,980","15,245",,,,,,,,,,"12,182","18,814","8,211","7,267","-3,088","-20,088","-7,499",,,,,,,,,,,,,,,
PACE,27Jan2018,Mountain,N,"135,748","132,046","165,488","14,942",,,,,,,,,,"12,843","16,125","8,354","5,661","-3,534","-18,271","-5,686",,,,,,,,,,,,,,,
PACE,28Jan2018,Mountain,N,"129,896","125,442","157,654","13,884",,,,,,,,,,"13,002","19,555","6,615","4,954","-3,825","-21,537","-4,333",,,,,,,,,,,,,,,
PACE,29Jan2018,Mountain,N,"140,077","133,990","171,087","19,533",,,,,,,,,,"13,122","19,391","6,772","7,813","-3,529","-21,960","-1,533",,,,,,,,,,,,,,,
PACE,30Jan2018,Mountain,N,"137,626","132,688","169,176","19,304",,,,,,,,,,"13,082","14,987","8,417","9,388","-4,202","-17,782","-4,082",,,,,,,,,,,,,,,
PACE,31Jan2018,Mountain,N,"135,079","133,211","165,013","11,515",,,,,,,,,,"12,673","16,992","7,231","6,897","-3,945","-20,727","-7,085",,,,,,,,,,,,,,,
PACE,01Feb2018,Mountain,N,"134,537","132,397","163,421","11,118",,,,,,,,,,"14,144","16,035","6,897","6,428","-4,192","-22,680","-4,984",,,,,,,,,,,,,,,
PACE,02Feb2018,Mountain,N,"129,813","129,952","166,204","20,879",,,,,,,,,,"13,028","12,876","7,740","7,434","-3,412","-16,743",495,,,,,,,,,,,,,,,
PACE,03Feb2018,Mountain,N,"126,081","122,447","147,468","11,579",,,,,,,,,,"11,890","5,878","6,410","6,355","-2,779","-14,174","-1,468",,,,,,,,,,,,,,,
PACE,04Feb2018,Mountain,N,"124,194","121,407","138,526","3,866",,,,,,,,,,"11,953","3,980","4,282","5,666","-3,364","-14,111","-4,011",,,,,,,,,,,,,,,
PACE,05Feb2018,Mountain,N,"132,280","127,561","136,487","-4,204",,,,,,,,,,"11,383",615,"3,338","5,414","-3,983","-14,228","-6,218",,,,,,,,,,,,,,,
PACE,06Feb2018,Mountain,N,"133,128","129,457","133,967","-8,653",,,,,,,,,,"7,927","3,188","3,170","3,440","-4,414","-15,976","-5,436",,,,,,,,,,,,,,,
PACE,07Feb2018,Mountain,N,"132,658","129,855","148,234","5,267",,,,,,,,,,"12,011","5,847","4,663","4,852","-3,708","-14,776","-3,077",,,,,,,,,,,,,,,
PACE,08Feb2018,Mountain,N,"130,990","128,808","146,027","4,431",,,,,,,,,,"4,900","9,800","5,585","3,876","-3,289","-14,881","-1,029",,,,,,,,,,,,,,,
PACE,09Feb2018,Mountain,N,"129,941","128,849","131,779","-10,271",,,,,,,,,,"1,347","7,637","4,108","2,908","-4,491","-16,158","-5,113",,,,,,,,,,,,,,,
PACE,10Feb2018,Mountain,N,"128,647","128,317","119,477","-21,612",,,,,,,,,,879,"1,361","2,483","1,331","-7,283","-15,683","-4,150",,,,,,,,,,,,,,,
PACE,11Feb2018,Mountain,N,"126,108","127,329","143,806","3,047",,,,,,,,,,"2,600","14,709","3,833","4,139","-4,104","-16,049","-1,539",,,,,,,,,,,,,,,
PACE,12Feb2018,Mountain,N,"135,175","134,006","131,566","-19,105",,,,,,,,,,"1,194","11,082","2,359","3,255","-5,535","-22,274","-8,534",,,,,,,,,,,,,,,
PACE,13Feb2018,Mountain,N,"134,759","130,711","144,212","-6,644",,,,,,,,,,"2,311","17,453","1,420","5,239","-3,052","-25,822","-3,650",,,,,,,,,,,,,,,
PACE,14Feb2018,Mountain,N,"134,492","122,929","142,233",922,,,,,,,,,,"3,825","10,968","5,285","5,762","-3,669","-20,319",-386,,,,,,,,,,,,,,,
PACE,15Feb2018,Mountain,N,"134,313","128,824","140,220","-8,482",,,,,,,,,,"2,467","8,883","3,239","4,493","-4,127","-17,563","-5,322",,,,,,,,,,,,,,,
PACE,16Feb2018,Mountain,N,"136,856","128,727","154,002","7,831",,,,,,,,,,"3,812","13,106","5,485","6,096","-3,946","-16,736",565,,,,,,,,,,,,,,,
PACE,17Feb2018,Mountain,N,"129,573","122,501","149,798","11,333",,,,,,,,,,"4,568","11,510","6,973","6,191","-2,363","-15,268",250,,,,,,,,,,,,,,,
PACE,18Feb2018,Mountain,N,"127,862","124,773","136,514","-4,330",,,,,,,,,,"3,257","7,386","5,347","4,941","-1,738","-16,793","-6,213",,,,,,,,,,,,,,,
PACE,19Feb2018,Mountain,N,"137,528","139,033","152,607","-11,632",,,,,,,,,,"2,639","13,365","3,584","3,104","-2,780","-22,421","-8,567",,,,,,,,,,,,,,,
PACE,20Feb2018,Mountain,N,"143,187","149,727","163,025","-6,883",,,,,,,,,,"2,778","16,647","4,847","4,352","-2,965","-24,959","-7,035",,,,,,,,,,,,,,,
PACE,21Feb2018,Mountain,N,"145,699","142,822","161,004","-7,599",,,,,,,,,,"4,395","18,336","3,310","6,332","-2,108","-30,623","-6,693",,,,,,,,,,,,,,,
PACE,22Feb2018,Mountain,N,"145,662","139,614","156,784","-8,479",,,,,,,,,,"3,765","13,191","3,198","5,825","-3,847","-24,097","-5,964",,,,,,,,,,,,,,,
PACE,23Feb2018,Mountain,N,"140,878","140,275","165,529","-1,649",,,,,,,,,,"4,612","17,109","5,282","6,283","-3,908","-26,846","-3,630",,,,,,,,,,,,,,,
PACE,24Feb2018,Mountain,N,"135,139","134,208","156,737","4,349",,,,,,,,,,"1,498","13,259","7,001","4,119","-1,278","-17,892","-1,811",,,,,,,,,,,,,,,
PACE,25Feb2018,Mountain,N,"130,616","130,825","154,936","6,349",,,,,,,,,,"6,161","13,010","5,892","4,467","-3,865","-17,989",-782,,,,,,,,,,,,,,,
PACE,26Feb2018,Mountain,N,"138,865","139,030","161,884","2,963",,,,,,,,,,"5,763","14,956","4,282","4,610","-3,580","-21,095","-1,434",,,,,,,,,,,,,,,
PACE,27Feb2018,Mountain,N,"141,684","135,222","152,359","-3,238",,,,,,,,,,"4,063","12,130","3,629","4,838","-5,206","-18,994","-3,149",,,,,,,,,,,,,,,
PACE,28Feb2018,Mountain,N,"140,829","134,030","152,361","-2,279",,,,,,,,,,"7,247","11,236","4,446","4,516","-4,688","-18,863","-5,625",,,,,,,,,,,,,,,
PACE,01Mar2018,Mountain,N,"137,536","137,218","160,358","2,088",,,,,,,,,,"9,179","9,799","4,899","3,972","-4,325","-20,559",-337,,,,,,,,,,,,,,,
PACE,02Mar2018,Mountain,N,"133,247","135,037","148,962","-2,048",,,,,,,,,,"5,536","12,929","5,787","3,931","-2,924","-20,578","-6,210",,,,,,,,,,,,,,,
PACE,03Mar2018,Mountain,N,"130,492","128,929","135,930","-8,706",,,,,,,,,,"1,859","18,374","4,951","3,394","-2,802","-23,642","-10,318",,,,,,,,,,,,,,,
PACE,04Mar2018,Mountain,N,"128,963","130,322","134,313","-10,137",,,,,,,,,,473,"14,434","6,502","2,921","-2,196","-20,297","-11,423",,,,,,,,,,,,,,,
PACE,05Mar2018,Mountain,N,"141,858","141,822","156,022","-2,522",,,,,,,,,,"1,262","14,095","6,119","4,464","-3,005","-18,829","-6,077",,,,,,,,,,,,,,,
PACE,06Mar2018,Mountain,N,"142,319","137,459","144,864","-10,398",,,,,,,,,,"1,263","14,112","4,012","4,769","-2,306","-20,726","-10,971",,,,,,,,,,,,,,,
PACE,07Mar2018,Mountain,N,"138,169","134,909","151,329","-1,720",,,,,,,,,,"3,455","15,124","5,517","8,166","-2,324","-24,137","-6,975",,,,,,,,,,,,,,,
PACE,08Mar2018,Mountain,N,"134,595","133,037","141,310","-6,828",,,,,,,,,,"1,006","10,064","5,167","4,422","-2,231","-17,773","-6,962",,,,,,,,,,,,,,,
PACE,09Mar2018,Mountain,N,"131,574","130,815","141,030","-2,158",,,,,,,,,,"5,510","9,581","5,803","3,985","-3,121","-18,418","-4,983",,,,,,,,,,,,,,,
PACE,10Mar2018,Mountain,N,"126,273","124,111","142,769","1,491",,,,,,,,,,"9,935","10,097","5,531","7,355","-5,006","-22,498","-3,391",,,,,,,,,,,,,,,
PACE,11Mar2018,Mountain,N,"117,603","112,252","118,519","-7,373",,,,,,,,,,"7,606","8,459","3,740","3,932","-4,761","-21,375","-4,468",,,,,,,,,,,,,,,
PACE,12Mar2018,Mountain,N,"130,288","124,671","119,821","-22,097",,,,,,,,,,"5,163","3,423","3,817","1,979","-5,868","-20,038","-10,049",,,,,,,,,,,,,,,
PACE,13Mar2018,Mountain,N,"127,997","124,329","119,960","-29,375",,,,,,,,,,"2,377","1,699","3,223","5,020","-6,926","-24,292","-9,971",,,,,,,,,,,,,,,
PACE,14Mar2018,Mountain,N,"125,430","124,620","105,584","-36,768",,,,,,,,,,-98,"6,469",330,"2,275","-5,541","-23,988","-15,709",,,,,,,,,,,,,,,
PACE,15Mar2018,Mountain,N,"130,204","127,543","120,232","-25,528",,,,,,,,,,-503,"8,881","3,622","2,615","-2,139","-20,972","-16,483",,,,,,,,,,,,,,,
PACE,16Mar2018,Mountain,N,"129,199","123,294","130,030","-9,491",,,,,,,,,,170,"13,265","5,159","5,834","-3,375","-22,296","-7,715",,,,,,,,,,,,,,,
PACE,17Mar2018,Mountain,N,"125,582","121,181","119,902","-14,151",,,,,,,,,,"1,868","9,254","4,826","4,805","-4,052","-21,231","-9,078",,,,,,,,,,,,,,,
PACE,18Mar2018,Mountain,N,"123,156","121,711","113,210","-19,883",,,,,,,,,,"2,493","5,137","3,694","5,280","-3,966","-20,546","-11,424",,,,,,,,,,,,,,,
PACE,19Mar2018,Mountain,N,"131,458","131,348","126,929","-17,879",,,,,,,,,,"2,387","9,021","3,732","6,136","-3,426","-22,894","-12,286",,,,,,,,,,,,,,,
PACE,20Mar2018,Mountain,N,"131,149","127,043","146,392",780,,,,,,,,,,"4,995","13,358","5,337","8,937","-2,161","-25,665","-3,487",,,,,,,,,,,,,,,
PACE,21Mar2018,Mountain,N,"129,482","123,582","133,147","-8,386",,,,,,,,,,"4,434","9,982","5,576","7,470","-2,408","-25,940","-6,990",,,,,,,,,,,,,,,
PACE,22Mar2018,Mountain,N,"127,707","125,213","127,299","-14,076",,,,,,,,,,"6,723","3,647","6,164","3,398","-2,827","-25,839","-4,846",,,,,,,,,,,,,,,
PACE,23Mar2018,Mountain,N,"126,602","121,417","113,229","-18,107",,,,,,,,,,"3,476","8,795","5,256",654,"-3,150","-25,523","-7,095",,,,,,,,,,,,,,,
PACE,24Mar2018,Mountain,N,"123,065","116,962","108,048","-19,807",,,,,,,,,,"3,394","3,558","3,722",-999,"-3,672","-18,208","-7,085",,,,,,,,,,,,,,,
PACE,25Mar2018,Mountain,N,"124,205","118,169","101,032","-27,373",,,,,,,,,,"1,824","1,031","1,625","-1,792","-3,592","-19,004","-6,931",,,,,,,,,,,,,,,
PACE,26Mar2018,Mountain,N,"134,192","134,818","109,575","-33,717",,,,,,,,,,"1,703","-4,547","2,332","-1,731","-4,611","-19,013","-7,304",,,,,,,,,,,,,,,
PACE,27Mar2018,Mountain,N,"129,923","129,847","124,438","-20,673",,,,,,,,,,"1,756","-5,716","2,834","1,513","-4,199","-11,535","-4,784",,,,,,,,,,,,,,,
PACE,28Mar2018,Mountain,N,"127,295","127,480","122,846","-21,328",,,,,,,,,,-385,"-9,966","5,516","2,651","-4,695","-8,223","-5,701",,,,,,,,,,,,,,,
PACE,29Mar2018,Mountain,N,"126,963","127,333","121,822","-19,828",,,,,,,,,,-920,"-6,389","5,530","4,326","-3,637","-13,980","-4,231",,,,,,,,,,,,,,,
PACE,30Mar2018,Mountain,N,"125,249","124,238","125,592","-8,031",,,,,,,,,,-762,-214,"6,620","3,750","-3,287","-9,398","-4,229",,,,,,,,,,,,,,,
PACE,31Mar2018,Mountain,N,"119,388","120,749","126,102","-4,919",,,,,,,,,,"1,224","2,759","6,293","4,728","-2,325","-12,876","-4,246",,,,,,,,,,,,,,,
PACE,01Apr2018,Mountain,N,"114,457","114,097","112,481","-10,742",,,,,,,,,,"1,166","-2,847","5,159","3,491","-2,886","-10,938","-3,415",,,,,,,,,,,,,,,
PACE,02Apr2018,Mountain,N,"127,880","126,438","123,191","-13,003",,,,,,,,,,"1,172","-2,739","5,974","1,793","-2,438","-11,396","-4,889",,,,,,,,,,,,,,,
PACE,03Apr2018,Mountain,N,"125,597","123,671","130,432","-12,838",,,,,,,,,,132,"5,848","4,453","3,569","-3,117","-14,808","-8,375",,,,,,,,,,,,,,,
PACE,04Apr2018,Mountain,N,"126,327","127,112","132,267","-8,691",,,,,,,,,,-21,"3,146","5,358","3,409","-1,657","-13,262","-5,158",,,,,,,,,,,,,,,
PACE,05Apr2018,Mountain,N,"125,898","125,239","128,753","-11,710",,,,,,,,,,9,"4,636","5,696","3,598","-2,462","-13,675","-9,016",,,,,,,,,,,,,,,
PACE,06Apr2018,Mountain,N,"125,179","123,451","135,741","-4,380",,,,,,,,,,"2,017","7,759","5,601","5,092","-2,719","-14,439","-7,214",,,,,,,,,,,,,,,
PACE,07Apr2018,Mountain,N,"118,987","122,778","122,938","-14,825",,,,,,,,,,"2,527","-4,579","1,941","4,080","-3,743","-8,811","-5,767",,,,,,,,,,,,,,,
PACE,08Apr2018,Mountain,N,"116,396","117,137","122,762","-7,831",,,,,,,,,,"3,053","-1,505","1,683","6,590","-2,099","-10,548","-4,493",,,,,,,,,,,,,,,
PACE,09Apr2018,Mountain,N,"124,943","124,667","123,168","-14,518",,,,,,,,,,"2,113",-298,"1,277","5,627","-3,962","-12,612","-6,148",,,,,,,,,,,,,,,
PACE,10Apr2018,Mountain,N,"127,015","124,835","135,125","-7,313",,,,,,,,,,"1,785","2,212","1,305","5,924","-1,814","-11,921","-4,333",,,,,,,,,,,,,,,
PACE,11Apr2018,Mountain,N,"127,934","124,530","137,265","-4,069",,,,,,,,,,"5,630","7,920",858,"7,013",-920,"-14,692","-9,454",,,,,,,,,,,,,,,
PACE,12Apr2018,Mountain,N,"128,026","126,694","128,328","-12,323",,,,,,,,,,"2,573",853,741,"5,235","-1,756","-12,437","-7,023",,,,,,,,,,,,,,,
PACE,13Apr2018,Mountain,N,"127,394","121,679","123,921","-13,284",,,,,,,,,,"1,094",-894,"1,294","4,356","-3,491","-13,130","-1,972",,,,,,,,,,,,,,,
PACE,14Apr2018,Mountain,N,"119,220","113,420","126,607","-5,486",,,,,,,,,,"3,160","3,025","1,060","6,755","-3,966","-13,025","-1,969",,,,,,,,,,,,,,,
PACE,15Apr2018,Mountain,N,"116,819","110,414","123,751","-5,206",,,,,,,,,,"4,635","3,301","1,022","6,886","-4,019","-13,425","-3,124",,,,,,,,,,,,,,,
PACE,16Apr2018,Mountain,N,"127,039","118,209","127,402","-7,227",,,,,,,,,,"2,635",-597,"4,933","5,185","-3,619","-15,279",-33,,,,,,,,,,,,,,,
PACE,17Apr2018,Mountain,N,"127,146","124,033","127,947","-12,964",,,,,,,,,,"1,644","-3,771","5,613","5,115","-3,769","-14,347","-3,083",,,,,,,,,,,,,,,
PACE,18Apr2018,Mountain,N,"126,728","125,438","118,956","-21,024",,,,,,,,,,"1,929",-496,"3,248","4,273","-3,263","-17,324","-8,892",,,,,,,,,,,,,,,
PACE,19Apr2018,Mountain,N,"126,072","125,345","117,425","-21,801",,,,,,,,,,-175,"-1,145","2,728","2,320","-2,404","-15,411","-7,224",,,,,,,,,,,,,,,
PACE,20Apr2018,Mountain,N,"124,253","122,249","105,673","-29,511",,,,,,,,,,"-1,240","-4,438","2,702",650,"-4,280","-13,730","-8,666",,,,,,,,,,,,,,,
PACE,21Apr2018,Mountain,N,"117,747","115,759","112,414","-19,106",,,,,,,,,,"1,434","-2,843","2,949","4,188","-7,126","-13,968","-3,262",,,,,,,,,,,,,,,
PACE,22Apr2018,Mountain,N,"116,717","114,978","122,853","-9,630",,,,,,,,,,"2,368","3,793","3,544","5,585","-6,188","-15,191","-3,097",,,,,,,,,,,,,,,
PACE,23Apr2018,Mountain,N,"126,439","125,887","143,371","-6,643",,,,,,,,,,"2,809","2,854","5,485","5,550","-3,012","-15,876","-4,018",,,,,,,,,,,,,,,
PACE,24Apr2018,Mountain,N,"126,341","124,180","132,402","-15,077",,,,,,,,,,"1,874",561,"4,715","3,387","-5,108","-14,038","-5,998",,,,,,,,,,,,,,,
PACE,25Apr2018,Mountain,N,"126,809","125,518","138,766","-8,101",,,,,,,,,,"1,506","1,654","4,947","4,563","-4,555","-14,115","-1,647",,,,,,,,,,,,,,,
PACE,26Apr2018,Mountain,N,"128,094","125,388","132,725","-15,861",,,,,,,,,,871,"2,926","4,517","2,907","-6,047","-13,677","-6,922",,,,,,,,,,,,,,,
PACE,27Apr2018,Mountain,N,"129,599","126,329","137,699","-12,721",,,,,,,,,,"1,710",837,"4,250","3,132","-7,101","-11,492","-3,649",,,,,,,,,,,,,,,
PACE,28Apr2018,Mountain,N,"122,320","122,553","119,721","-18,456",,,,,,,,,,897,"-4,589","4,439","1,197","-4,873","-10,310","-4,820",,,,,,,,,,,,,,,
PACE,29Apr2018,Mountain,N,"118,028","115,232","100,446","-14,786",,,,,,,,,,"1,111","-3,805","3,640","2,290","-6,283","-9,697","-1,603",,,,,,,,,,,,,,,
PACE,30Apr2018,Mountain,N,"124,115","126,438","112,079","-14,359",,,,,,,,,,"4,409","-1,783","4,673","2,264","-4,161","-13,020","-6,238",,,,,,,,,,,,,,,
PACE,01May2018,Mountain,N,"125,560","123,281","101,816","-21,465",,,,,,,,,,816,"1,969","3,860","1,594","-4,316","-13,530","-11,352",,,,,,,,,,,,,,,
PACE,02May2018,Mountain,N,"125,166","123,406","97,825","-25,581",,,,,,,,,,-902,-576,"3,178","1,024","-5,628","-11,134","-11,035",,,,,,,,,,,,,,,
PACE,03May2018,Mountain,N,"124,737","122,977","117,671","-22,603",,,,,,,,,,-636,"-1,543","2,847","2,702","-6,938","-10,662","-7,886",,,,,,,,,,,,,,,
PACE,04May2018,Mountain,N,"126,673","120,264","128,457","-11,359",,,,,,,,,,"2,020","1,540","4,740","4,002","-6,204","-11,552","-5,451",,,,,,,,,,,,,,,
PACE,05May2018,Mountain,N,"122,451","118,245","128,407","-8,352",,,,,,,,,,"3,213","2,083","4,893","4,987","-5,527","-12,098","-5,477",,,,,,,,,,,,,,,
PACE,06May2018,Mountain,N,"124,982","118,525","119,022","-16,412",,,,,,,,,,"2,810","-4,259","5,406","3,183","-6,260","-10,929","-5,965",,,,,,,,,,,,,,,
PACE,07May2018,Mountain,N,"132,108","130,261","123,059","-26,171",,,,,,,,,,154,"-3,601","4,356","1,950","-6,242","-11,255","-11,168",,,,,,,,,,,,,,,
PACE,08May2018,Mountain,N,"130,603","132,463","129,158","-23,186",,,,,,,,,,489,"1,989","1,985","3,710","-8,168","-13,131","-9,661",,,,,,,,,,,,,,,
PACE,09May2018,Mountain,N,"137,044","133,947","131,069","-22,260",,,,,,,,,,"5,190","-2,525","2,554","2,701","-8,608","-14,200","-7,024",,,,,,,,,,,,,,,
PACE,10May2018,Mountain,N,"133,622","129,475","123,513","-25,497",,,,,,,,,,"4,314","-7,431","4,405","2,130","-8,676","-12,664","-7,215",,,,,,,,,,,,,,,
PACE,11May2018,Mountain,N,"127,773","121,182","115,404","-24,512",,,,,,,,,,"5,956","-5,295","3,085",209,"-5,926","-12,441","-9,766",,,,,,,,,,,,,,,
PACE,12May2018,Mountain,N,"119,863","113,323","113,296","-15,513",,,,,,,,,,"5,998",191,"2,831",398,"-3,548","-12,273","-8,857",,,,,,,,,,,,,,,
PACE,13May2018,Mountain,N,"115,138","107,729","97,494","-26,004",,,,,,,,,,"2,858","-3,948",748,-120,"-5,759","-10,454","-9,084",,,,,,,,,,,,,,,
PACE,14May2018,Mountain,N,"125,664","115,657","116,222","-18,533",,,,,,,,,,"6,426",236,"2,310","1,721","-4,420","-12,672","-11,891",,,,,,,,,,,,,,,
PACE,15May2018,Mountain,N,"124,964","119,372","127,919","-10,560",,,,,,,,,,"7,252","1,953","2,991","3,396","-4,415","-12,604","-8,905",,,,,,,,,,,,,,,
PACE,16May2018,Mountain,N,"123,933","122,968","124,099","-17,355",,,,,,,,,,"6,152","-3,604","3,921","1,166","-5,380","-11,856","-7,479",,,,,,,,,,,,,,,
PACE,17May2018,Mountain,N,"123,189","124,421","112,103","-29,462",,,,,,,,,,"5,117","-10,716","3,826",706,"-6,411","-10,541","-11,046",,,,,,,,,,,,,,,
PACE,18May2018,Mountain,N,"122,707","121,387","120,797","-18,772",,,,,,,,,,"6,148","-4,081","2,820","2,367","-6,205","-11,132","-8,246",,,,,,,,,,,,,,,
PACE,19May2018,Mountain,N,"119,175","118,351","118,778","-19,302",,,,,,,,,,"6,447","-6,841","3,159","1,409","-6,200","-9,340","-7,499",,,,,,,,,,,,,,,
PACE,20May2018,Mountain,N,"117,684","118,332","115,268","-21,648",,,,,,,,,,"5,867","-9,988","2,428",251,"-6,571","-5,563","-7,639",,,,,,,,,,,,,,,
PACE,21May2018,Mountain,N,"129,602","130,875","130,517","-22,858",,,,,,,,,,"7,121","-6,621","2,644",141,"-6,921","-6,897","-11,904",,,,,,,,,,,,,,,
PACE,22May2018,Mountain,N,"129,344","131,529","141,088","-7,715",,,,,,,,,,"8,472","2,280","3,875","2,206","-5,002","-9,112","-9,975",,,,,,,,,,,,,,,
PACE,23May2018,Mountain,N,"130,246","132,175","141,791","-14,725",,,,,,,,,,"8,667",690,"3,492","2,103","-6,609","-11,286","-11,342",,,,,,,,,,,,,,,
PACE,24May2018,Mountain,N,"136,978","136,130","148,557","-6,724",,,,,,,,,,"8,428","-1,378","4,303","3,976","-4,807","-11,608","-5,247",,,,,,,,,,,,,,,
PACE,25May2018,Mountain,N,"140,796","135,445","142,172","-15,521",,,,,,,,,,"9,658","-6,633","2,875","3,481","-4,071","-13,338","-7,120",,,,,,,,,,,,,,,
PACE,26May2018,Mountain,N,"129,805","124,129","98,598","-25,531",,,,,,,,,,"10,362","-15,929","2,014",924,"-6,502","-11,118","-4,874",,,,,,,,,,,,,,,
PACE,27May2018,Mountain,N,"121,293","117,726","114,533","-20,672",,,,,,,,,,"9,648","-13,276","3,040",-785,"-6,358","-5,367","-7,120",,,,,,,,,,,,,,,
PACE,28May2018,Mountain,N,"123,459","117,681","111,498","-24,210",,,,,,,,,,"8,551","-14,111","2,068",-170,"-5,511","-6,942","-7,625",,,,,,,,,,,,,,,
PACE,29May2018,Mountain,N,"139,260","129,113","144,361","-6,383",,,,,,,,,,"12,468","-6,443","2,378","6,799","-3,623","-12,284","-5,255",,,,,,,,,,,,,,,
PACE,30May2018,Mountain,N,"139,584","134,215","141,324","-14,512",,,,,,,,,,"13,989","-8,724","2,832","2,338","-4,390","-12,163","-8,041",,,,,,,,,,,,,,,
PACE,31May2018,Mountain,N,"140,969","134,895","111,089","-23,806",,,,,,,,,,"9,253","-13,881","3,409","2,013","-5,342","-11,522","-7,369",,,,,,,,,,,,,,,
PACE,01Jun2018,Mountain,N,"131,638","125,630","110,588","-15,042",,,,,,,,,,"10,147","-11,176","4,104","2,736","-4,473","-10,861","-5,109",,,,,,,,,,,,,,,
PACE,02Jun2018,Mountain,N,"129,771","122,520","117,311","-5,209",,,,,,,,,,"13,146",-121,"3,557","5,247","-6,019","-15,466","-5,185",,,,,,,,,,,,,,,
PACE,03Jun2018,Mountain,N,"132,341","122,151","135,299","-11,092",,,,,,,,,,"11,621","-4,121","3,176","5,401","-4,286","-14,624","-7,877",,,,,,,,,,,,,,,
PACE,04Jun2018,Mountain,N,"153,123","141,897","150,190","-16,270",,,,,,,,,,"9,421","-8,040","2,735","5,970","-6,838","-13,985","-5,218",,,,,,,,,,,,,,,
PACE,05Jun2018,Mountain,N,"149,334","149,846","167,539","-6,532",,,,,,,,,,"15,150","-2,139","3,982","4,528","-5,605","-16,774","-5,350",,,,,,,,,,,,,,,
PACE,06Jun2018,Mountain,N,"152,949","147,020","151,032","-18,443",,,,,,,,,,"9,370","-1,191","1,483","1,956","-7,646","-16,000","-6,071",,,,,,,,,,,,,,,
PACE,07Jun2018,Mountain,N,"151,988","150,196","152,333","-18,075",,,,,,,,,,"11,828","-6,616","1,988","4,720","-6,974","-14,424","-8,390",,,,,,,,,,,,,,,
PACE,08Jun2018,Mountain,N,"148,862","148,885","154,241","-17,080",,,,,,,,,,"11,959","-4,806","1,555","5,703","-6,070","-20,407","-4,671",,,,,,,,,,,,,,,
PACE,09Jun2018,Mountain,N,"147,608","140,091","133,333","-22,764",,,,,,,,,,"12,415","-12,492","2,051","1,882","-6,024","-18,242","-2,023",,,,,,,,,,,,,,,
PACE,10Jun2018,Mountain,N,"125,401","124,059","125,853","-13,001",,,,,,,,,,"6,114","-8,023","4,476","2,413","-5,031","-13,051",468,,,,,,,,,,,,,,,
PACE,11Jun2018,Mountain,N,"133,741","133,403","142,337","-6,821",,,,,,,,,,"4,950",-389,"5,303","7,593","-4,732","-18,445",-783,,,,,,,,,,,,,,,
PACE,12Jun2018,Mountain,N,"139,828","138,698","145,533","-11,680",,,,,,,,,,"7,618","3,068","1,692","8,613","-7,306","-22,049","-2,965",,,,,,,,,,,,,,,
PACE,13Jun2018,Mountain,N,"150,356","152,959","160,812","-13,503",,,,,,,,,,"5,587","3,067","3,052","5,951","-4,842","-17,297","-8,760",,,,,,,,,,,,,,,
PACE,14Jun2018,Mountain,N,"157,084","162,728","172,204","-11,879",,,,,,,,,,"7,404","1,799","1,732","4,629","-5,117","-15,457","-6,621",,,,,,,,,,,,,,,
PACE,15Jun2018,Mountain,N,"153,929","146,287","163,103","-5,359",,,,,,,,,,"10,354","4,231","2,985","7,481","-5,692","-20,078","-4,374",,,,,,,,,,,,,,,
PACE,16Jun2018,Mountain,N,"140,303","141,841","144,912","-16,370",,,,,,,,,,"6,976","2,849","1,969","2,101","-4,142","-15,134","-10,691",,,,,,,,,,,,,,,
PACE,17Jun2018,Mountain,N,"136,737","138,808","141,502","-16,692",,,,,,,,,,"6,857","4,225",817,812,"-2,363","-16,388","-10,382",,,,,,,,,,,,,,,
PACE,18Jun2018,Mountain,N,"143,853","138,523","154,923","-3,718",,,,,,,,,,"10,570","12,351","1,004","3,204","-2,861","-19,295","-8,469",,,,,,,,,,,,,,,
PACE,19Jun2018,Mountain,N,"144,150","138,751","164,384","1,747",,,,,,,,,,"14,244","13,815","2,545","7,841","-2,113","-22,111","-12,482",,,,,,,,,,,,,,,
PACE,20Jun2018,Mountain,N,"142,142","143,924","162,529","-5,898",,,,,,,,,,"15,818","9,539","2,149","4,750","-4,505","-21,919","-11,518",,,,,,,,,,,,,,,
PACE,21Jun2018,Mountain,N,"153,367","150,857","145,964","-4,893",,,,,,,,,,"15,056",-475,"4,196","7,866","-5,726","-17,162","-8,483",,,,,,,,,,,,,,,
PACE,22Jun2018,Mountain,N,"148,012","149,335","149,785",450,,,,,,,,,,"15,573","3,031","5,290","6,519","-4,979","-16,507","-8,269",,,,,,,,,,,,,,,
PACE,23Jun2018,Mountain,N,"136,976","140,053","118,750","-21,303",,,,,,,,,,"12,148","-10,720","3,943","3,971","-5,914","-14,889","-9,662",,,,,,,,,,,,,,,
PACE,24Jun2018,Mountain,N,"128,353","134,786","116,533","-18,253",,,,,,,,,,"11,725","-2,433",332,"4,438","-4,073","-16,953","-11,075",,,,,,,,,,,,,,,
PACE,25Jun2018,Mountain,N,"146,010","149,161","132,536","-16,402",,,,,,,,,,"13,388","-3,486",896,"5,119","-6,663","-17,453","-8,098",,,,,,,,,,,,,,,
PACE,26Jun2018,Mountain,N,"163,212","162,163","151,304","-10,859",,,,,,,,,,"14,056","1,493","2,126","6,110","-5,917","-20,379","-8,209",,,,,,,,,,,,,,,
PACE,27Jun2018,Mountain,N,"168,528","165,995","137,033","-28,962",,,,,,,,,,"12,374","3,035",-898,"1,986","-7,009","-22,942","-15,361",,,,,,,,,,,,,,,
PACE,28Jun2018,Mountain,N,"171,728","166,331","147,317","-19,014",,,,,,,,,,"11,772","-2,554","1,546","3,680","-6,246","-18,860","-8,193",,,,,,,,,,,,,,,
PACE,29Jun2018,Mountain,N,"156,168","149,268","131,001","-18,267",,,,,,,,,,"3,466",878,"4,455","3,961","-4,501","-15,467","-10,858",,,,,,,,,,,,,,,
PACE,30Jun2018,Mountain,N,"144,028","138,637","129,001","-9,636",,,,,,,,,,"4,090","3,405","5,683","4,067","-3,762","-12,400","-10,500",,,,,,,,,,,,,,,
PACE,01Jul2018,Mountain,N,"143,154","141,610","143,486","1,876","78,991","27,706",,,"6,114","9,767","19,744","1,164",,"11,879",457,"5,782","6,871","-4,238","-10,154","-8,464",2.29,0.90,,"81,924","11,264",,244,"93,432","6,832","15,066","80,907","143,486","141,353",1.44,1.26
PACE,02Jul2018,Mountain,N,"164,839","158,088","153,513","-4,575","84,394","30,363",,,"5,130","8,714","23,808","1,104",,"14,826","-4,226","4,631","9,355","-4,522","-13,462","-10,837",2.28,0.90,,"87,329","12,353",,258,"99,939","12,752","17,601","95,091","153,513","157,748",1.44,1.33
PACE,03Jul2018,Mountain,N,"169,042","157,622","152,411","-5,211","93,092","31,382",,,"5,236","9,834","11,746","1,121",,"15,896","5,081","3,751","6,795","-2,945","-18,304","-15,174",2.28,0.90,,"96,314","12,776",,186,"109,276","18,037","21,995","105,318","152,411","157,311",1.58,1.48
PACE,04Jul2018,Mountain,N,"155,387","148,967","140,867","-8,100","85,779","30,047",,,"5,350","9,867","8,312","1,512",,"15,002","1,973","3,474","4,213","-3,508","-18,922","-9,991",2.28,0.90,,"88,690","12,224",,166,"101,081","15,283","18,160","98,204","140,867","148,626",1.58,1.46
PACE,05Jul2018,Mountain,N,"173,685","165,317","162,137","-3,180","94,322","34,816",,,"5,272","9,138","16,508","2,081",,"15,883","9,902","1,397","6,241","-3,037","-23,820","-9,427",2.28,0.90,,"97,491","14,160",,219,"111,869","16,967","22,081","106,755","162,137","164,998",1.52,1.43
PACE,06Jul2018,Mountain,N,"177,391","173,745","154,891","-18,854","96,539","36,000",,,"5,232","7,155","7,361","2,604",,"14,753","1,272","3,111","4,809","-3,565","-26,096","-12,821",2.28,0.90,,"99,720","14,681",,149,"114,549","19,945","16,915","117,580","154,891","173,428",1.63,1.49
PACE,07Jul2018,Mountain,N,"171,375","170,022","154,085","-15,937","98,406","35,724",,,"5,168","5,420","6,872","2,495",,"17,870","1,221","2,787","5,816","-4,398","-27,943","-10,981",2.27,0.90,,"101,352","14,603",,133,"116,088","20,308","19,785","116,611","154,085","169,713",1.66,1.51
PACE,08Jul2018,Mountain,N,"169,974","165,887","154,878","-11,009","98,607","32,292",,,"5,141","6,990","9,674","2,174",,"17,748","3,065","2,619","6,544","-3,360","-26,947","-10,468",2.27,0.90,,"101,526","13,195",,159,"114,881","20,843","21,348","114,375","154,878","165,677",1.64,1.52
PACE,09Jul2018,Mountain,N,"181,820","176,458","160,150","-16,308","100,173","34,263",,,"5,167","5,504","12,459","2,584",,"16,844",282,"2,372","6,213","-5,549","-24,308","-11,879",2.27,0.90,,"103,262","13,958",,171,"117,391","20,901","18,730","119,562","160,150","176,175",1.62,1.50
PACE,10Jul2018,Mountain,N,"180,158","180,190","164,969","-15,221","103,245","34,791",,,"5,150","8,522","11,223","2,038",,"14,133","-2,379","3,012","7,653","-4,873","-21,223","-11,207",2.28,0.90,,"106,605","14,142",,179,"120,925","16,697","17,355","120,267","164,969","179,853",1.62,1.47
PACE,11Jul2018,Mountain,N,"174,033","173,807","162,853","-10,954","103,525","37,528",,,"5,116","6,121","8,756","1,807",,"11,735","6,327","3,914","9,072","-3,963","-26,813","-10,892",2.27,0.89,,"106,417","15,148",,145,"121,709","18,225","21,374","118,561","162,853","173,473",1.65,1.51
PACE,12Jul2018,Mountain,N,"175,569","171,923","157,981","-13,942","102,127","37,790",,,"5,114","5,802","5,310","1,838",,"11,681","10,412","3,057","9,710","-3,380","-31,397","-13,654",2.27,0.89,,"104,958","15,263",,120,"120,341","22,451","24,357","118,435","157,981","171,552",1.68,1.52
PACE,13Jul2018,Mountain,N,"176,208","172,881","162,341","-10,540","106,413","37,181",,,"5,235","6,332","5,777","1,403",,"12,812","11,805","3,554","9,704","-4,508","-31,424","-12,104",2.26,0.89,,"109,220","15,011",,125,"124,356","21,944","26,695","119,605","162,341","172,502",1.69,1.53
PACE,14Jul2018,Mountain,N,"169,412","160,005","154,930","-5,075","103,356","35,423",,,"5,217","4,079","5,465","1,390",,"12,617","10,741","3,591","8,865","-6,288","-24,517","-9,717",2.26,0.89,,"105,915","14,316",,107,"120,338","20,108","25,681","114,765","154,930","159,638",1.71,1.58
PACE,15Jul2018,Mountain,N,"167,567","160,983","154,753","-6,230","99,283","32,760",,,"5,366","9,205","6,763","1,376",,"11,528","13,911","3,424","8,290","-4,959","-24,874","-13,208",2.26,0.89,,"101,820","13,234",,151,"115,204","23,103","26,258","112,049","154,753","160,641",1.64,1.54
PACE,16Jul2018,Mountain,N,"179,237","169,797","160,063","-9,734","103,000","38,736",,,"4,071","7,505","5,418","1,333",,"10,028","20,136","2,197","6,757","-2,100","-30,122","-16,326",2.26,0.89,,"105,625","15,648",,122,"121,395","25,942","28,054","119,283","160,063","169,493",1.67,1.55
PACE,17Jul2018,Mountain,N,"180,461","171,172","151,988","-19,184","93,950","39,549",,,"4,885","6,092","6,176","1,336",,"3,778","16,348","4,288","7,223","-2,728","-29,670","-17,860",2.26,0.89,,"96,338","15,998",,123,"112,459","26,503","22,206","116,756","151,988","170,609",1.63,1.51
PACE,18Jul2018,Mountain,N,"179,748","170,499","150,060","-20,439","88,031","36,747",,,"5,221","7,832","10,627","1,602",,"1,986","10,554","3,840","6,319","-2,359","-25,557","-14,921",2.26,0.89,,"90,198","14,899",,168,"105,265","21,336","15,247","111,354","150,060","170,198",1.55,1.44
PACE,19Jul2018,Mountain,N,"178,471","169,282","147,007","-22,275","90,184","36,419",,,"5,159","5,172","8,311","1,762",,"1,966","9,821","3,860","5,569","-3,910","-26,291","-12,969",2.26,0.89,,"92,339","14,780",,136,"107,254","21,830","14,537","114,548","147,007","168,961",1.61,1.49
PACE,20Jul2018,Mountain,N,"175,166","166,106","156,557","-9,549","96,281","38,656",,,"4,687","7,181","7,948","1,804",,"6,829","14,511","4,526","8,785","-1,884","-29,379","-12,598",2.26,0.89,,"98,587","15,687",,144,"114,418","22,236","23,666","112,988","156,557","165,767",1.61,1.50
PACE,21Jul2018,Mountain,N,"170,243","162,397","153,358","-9,039","94,847","37,048",,,"4,611","5,927","9,124","1,801",,"9,876","12,600","4,167","7,978","-1,770","-29,339","-12,218",2.26,0.90,,"97,153","15,053",,145,"112,351","22,568","23,869","111,050","153,778","162,484",1.61,1.51
PACE,22Jul2018,Mountain,N,"164,710","150,011","151,158","1,147","90,777","36,485",,,"5,082","7,611","9,339","1,864",,"7,081","16,147","3,687","8,208",229,"-23,839","-10,015",2.26,0.90,,"92,998","14,815",,159,"107,972","17,571","24,619","100,924","151,158","149,660",1.57,1.49
PACE,23Jul2018,Mountain,N,"174,974","161,319","154,970","-6,349","91,555","38,186",,,"4,810","9,319","9,273","1,827",,-319,"19,628",907,"12,144","-1,278","-27,849","-9,249",2.26,0.89,,"93,694","15,461",,168,"109,323","19,775","23,187","105,912","154,970","160,986",1.56,1.45
PACE,24Jul2018,Mountain,N,"172,286","164,187","148,740","-15,447","90,521","39,227",,,"5,315","6,241","5,645","1,791",,"-1,436","14,477","5,335","9,824","-1,553","-28,034","-13,732",2.26,0.89,,"92,623","15,864",,126,"108,613","22,054","20,192","110,474","148,740","163,859",1.61,1.49
PACE,25Jul2018,Mountain,N,"175,542","166,132","158,136","-7,996","98,311","40,517",,,"5,144","7,418","4,937","1,809",,"10,153","13,608","4,662","11,947","-2,938","-28,112","-17,002",2.26,0.89,,"100,600","16,418",,128,"117,146","25,260","27,911","114,496","158,136","165,818",1.63,1.52
PACE,26Jul2018,Mountain,N,"173,376","160,340","164,914","4,574","104,898","40,121",,,"4,637","7,006","6,434","1,818",,"14,991","17,577","5,653","11,739",-169,"-31,203","-13,698",2.26,0.89,,"107,533","16,277",,132,"123,943","23,827","35,808","111,962","164,914","160,024",1.66,1.54
PACE,27Jul2018,Mountain,N,"170,266","164,837","168,799","3,962","104,434","40,172",,,"4,862","6,561","10,944","1,826",,"15,158","13,314","5,489","10,087",-130,"-26,586","-13,065",2.26,0.89,,"107,118","16,306",,161,"123,585","20,012","30,729","112,868","168,799","164,532",1.61,1.51
PACE,28Jul2018,Mountain,N,"164,348","158,612","163,531","4,919","101,204","39,148",,,"4,465","6,571","10,319","1,824",,"15,392","14,279","5,104","9,502",-653,"-26,972","-11,425",2.26,0.90,,"103,823","15,904",,154,"119,882","19,847","30,718","109,012","163,531","158,304",1.62,1.52
PACE,29Jul2018,Mountain,N,"158,018","149,827","157,901","8,074","99,278","38,853",,,"4,869","6,998","6,059","1,844",,"15,789","20,623","4,879","10,249","1,002","-29,381","-14,780",2.26,0.90,,"101,810","15,790",,131,"117,731","23,904","36,962","104,673","157,901","149,520",1.64,1.54
PACE,30Jul2018,Mountain,N,"169,410","159,826","164,376","4,550","105,482","41,264",,,"4,994","7,074","3,733","1,829",,"18,379","22,556","4,794","9,654",87,"-31,696","-18,906",2.26,0.89,,"108,221","16,742",,117,"125,080","27,717","40,132","112,665","164,376","159,508",1.68,1.56
PACE,31Jul2018,Mountain,N,"169,909","161,885","161,891",6,"104,265","40,453",,,"4,953","6,814","3,606","1,800",,"20,553","16,316","3,419","9,510","-1,480","-30,571","-17,429",2.26,0.89,,"106,866","16,419",,114,"123,399","26,160","35,885","113,674","161,891","161,573",1.68,1.55
PACE,01Aug2018,Mountain,N,"171,440","168,077","159,671","-8,406","102,416","40,303",,,"4,798","5,563","4,790","1,801",,"18,005","10,421","5,096","7,392","-2,962","-31,175","-14,854",2.26,0.89,,"104,923","16,347",,113,"121,382","25,698","29,150","117,931","159,671","167,748",1.68,1.55
PACE,02Aug2018,Mountain,N,"169,260","157,883","154,469","-3,414","93,942","36,175",,,"4,881","3,765","13,877","1,829",,"16,214","9,605","5,228","7,585",-678,"-28,944","-12,058",2.26,0.89,,"96,198","14,655",,162,"111,015","21,367","26,401","105,981","154,469","157,517",1.58,1.48
PACE,03Aug2018,Mountain,N,"170,374","157,702","146,673","-11,029","82,976","30,564",,,"5,127","7,838","18,080","2,088",,"7,010","10,244","5,462","8,933","-2,491","-30,629","-9,206",2.26,0.89,,"84,914","12,385",,220,"97,520","21,724","20,166","99,078","146,673","157,350",1.47,1.39
PACE,04Aug2018,Mountain,N,"158,694","145,922","141,376","-4,546","84,241","29,081",,,"5,462","7,200","13,388","2,004",,"6,901","14,466","5,267","8,148",80,"-30,017","-9,075",2.26,0.89,,"86,314","11,798",,186,"98,299","21,710","23,753","96,256","141,376","145,606",1.53,1.46
PACE,05Aug2018,Mountain,N,"149,961","141,880","139,487","-2,393","86,653","28,733",,,"5,172","8,952","7,912","2,065",,"6,726","16,851","2,806","8,832",-504,"-25,080","-11,716",2.26,0.89,,"88,858","11,641",,160,"100,660","20,816","24,803","96,672","139,487","141,572",1.59,1.51
PACE,06Aug2018,Mountain,N,"164,243","150,109","149,706",-403,"98,389","32,025",,,"5,463","8,663","2,928","2,238",,"12,109","21,984","4,485","8,988","-1,113","-30,578","-15,923",2.26,0.89,,"100,888","12,947",,128,"113,963","27,229","34,258","106,935","149,706","149,754",1.68,1.57
PACE,07Aug2018,Mountain,N,"162,647","149,794","162,031","12,237","105,269","37,641",,,"5,256","8,643","3,636","1,996",,"15,762","28,474","5,042","11,753",-307,"-31,095","-17,037",2.26,0.89,,"108,004","15,237",,130,"123,371","27,464","44,105","106,730","162,461","149,869",1.67,1.57
PACE,08Aug2018,Mountain,N,"160,558","153,239","157,098","3,859","98,595","39,345",,,"5,014","8,818","3,229","2,580",,"14,640","26,483","3,795","9,023",-911,"-31,074","-17,769",2.26,0.89,,"101,193","15,935",,131,"117,259","27,403","38,280","106,383","157,611","153,424",1.64,1.53
PACE,09Aug2018,Mountain,N,"166,996","159,128","152,143","-6,985","92,901","39,547",,,"5,377","8,821","2,870","4,674",,"11,341","22,362",-507,"7,440","-1,499","-31,132","-14,670",2.26,0.89,,"95,353","16,008",,145,"111,505","25,825","29,217","108,114","154,200","160,865",1.59,1.48
PACE,10Aug2018,Mountain,N,"170,891","159,831","153,729","-6,102","94,104","40,239",,,"5,198","7,751","4,238","2,199",,"11,486","15,076","2,114","9,871","-2,740","-31,205","-10,399",2.26,0.89,,"96,540","16,285",,129,"112,954","19,162","26,484","105,632","153,729","159,526",1.62,1.46
PACE,11Aug2018,Mountain,N,"163,553","154,875","151,075","-3,800","93,095","38,816",,,"5,075","5,540","6,021","2,528",,"11,237","12,152","3,649","9,303","-2,888","-28,914","-8,025",2.26,0.89,,"95,521","15,739",,127,"111,387","16,386","24,525","103,248","151,075","154,561",1.63,1.47
PACE,12Aug2018,Mountain,N,"158,303","152,334","164,177","11,843","101,069","40,390",,,"5,089","7,655","7,551","2,423",,"13,542","19,923","5,080","10,533","-1,009","-25,459","-10,432",2.26,0.89,,"103,683","16,386",,151,"120,220","17,823","34,123","103,920","164,177","151,999",1.61,1.51
PACE,13Aug2018,Mountain,N,"166,099","161,688","155,985","-5,703","94,803","40,749",,,"4,718","6,964","6,333","2,418",,"10,374","18,276","2,858","4,869",-790,"-31,322","-9,635",2.26,0.89,,"97,249","16,515",,136,"113,900","21,028","26,009","108,919","155,985","161,355",1.61,1.49
PACE,14Aug2018,Mountain,N,"163,081","163,042","156,725","-6,317","90,555","40,019",,,"5,563","5,662","12,510","2,416",,"9,287","20,578",4,"7,514",-447,"-31,124","-12,119",2.26,0.89,,"92,913","16,206",,174,"109,293","23,455","26,255","106,493","156,725","163,032",1.54,1.44
PACE,15Aug2018,Mountain,N,"165,528","158,026","155,450","-2,576","95,742","39,922",,,"5,193","6,145","5,997","2,451",,"10,508","21,288","4,329","9,642","-1,187","-31,394","-15,421",2.26,0.89,,"98,230","16,166",,131,"114,527","25,266","31,887","107,906","155,450","157,685",1.62,1.51
PACE,16Aug2018,Mountain,N,"168,191","159,441","157,853","-1,588","100,147","38,722",,,"5,101","6,777","4,653","2,453",,"11,410","21,488","3,917","9,967","-1,195","-31,066","-15,806",2.26,0.89,,"102,804","15,675",,126,"118,605","25,756","33,185","111,177","157,853","159,138",1.66,1.54
PACE,17Aug2018,Mountain,N,"164,266","162,039","156,126","-5,913","98,182","37,477",,,"5,032","6,806","6,175","2,454",,"9,121","16,407","5,292","9,952","-2,662","-29,520","-14,155",2.26,0.89,,"100,734","15,189",,136,"116,059","24,336","28,730","111,665","156,126","161,691",1.64,1.52
PACE,18Aug2018,Mountain,N,"154,936","146,079","159,201","13,122","95,831","37,073",,,"5,023","8,373","10,209","2,692",,"10,346","23,963","5,921","10,445","-1,022","-28,179","-8,003",2.26,0.90,,"98,226","15,065",,175,"113,466","18,441","34,359","97,548","159,201","145,730",1.57,1.48
PACE,19Aug2018,Mountain,N,"149,024","140,626","157,423","16,797","96,437","38,790",,,"4,888","8,092","6,490","2,726",,"14,528","26,778","4,819","10,539",-625,"-28,049","-10,830",2.26,0.90,,"98,870","15,776",,148,"114,793","20,396","39,539","95,650","157,423","140,263",1.61,1.50
PACE,20Aug2018,Mountain,N,"166,321","152,547","169,976","17,429","105,790","38,119",,,"4,861","6,623","11,914","2,669",,"15,054","24,066","5,644","10,740",-524,"-29,381","-7,884",2.26,0.90,,"108,458","15,500",,173,"124,130","18,596","38,732","103,995","169,976","152,261",1.61,1.51
PACE,21Aug2018,Mountain,N,"153,151","154,078","168,041","13,963","108,369","39,326",,,"5,450","6,031","6,214","2,651",,"15,159","24,759","6,108","11,145","-2,930","-29,223","-10,711",2.26,0.90,,"111,106","16,003",,135,"127,243","22,136","40,727","108,653","168,041","153,734",1.67,1.56
PACE,22Aug2018,Mountain,N,"149,166","146,290","170,953","24,663","106,457","38,233",,,"4,930","7,979","10,788","2,566",,"16,484","27,510","7,516","10,839",-920,"-29,250","-7,146",2.26,0.90,,"109,080","15,562",,175,"124,816","18,277","43,271","99,823","170,953","145,920",1.61,1.51
PACE,23Aug2018,Mountain,N,"152,866","144,368","168,253","23,885","94,558","34,458",,,"4,829","6,499","25,231","2,678",,"13,650","19,208","7,913","8,150","-2,383","-19,073","-3,231",2.26,0.90,,"96,771","14,045",,261,"111,077","9,924","30,824","90,177","168,253","144,019",1.46,1.38
PACE,24Aug2018,Mountain,N,"158,447","149,692","164,855","15,163","101,480","30,988",,,"4,587","8,130","16,989","2,681",,"13,169","15,517","6,168","5,275","-1,725","-16,292","-6,611",2.25,0.90,,"103,749","12,624",,215,"116,589","10,755","27,280","100,064","164,855","149,354",1.56,1.48
PACE,25Aug2018,Mountain,N,"150,378","146,178","165,050","18,872","103,877","31,898",,,"4,358","7,609","15,358","1,950",,"13,616","19,217","6,297","6,042",-88,"-18,111","-7,766",2.25,0.90,,"106,200","12,979",,195,"119,374","12,002","31,584","99,792","165,050","145,843",1.59,1.51
PACE,26Aug2018,Mountain,N,"145,925","140,245","161,167","20,922","89,315","31,757",,,"4,305","7,984","25,949","1,857",,"12,045","20,129","6,306","8,313","-1,286","-18,299","-5,949",2.26,0.90,,"91,394","12,910",,266,"104,571","12,000","30,068","86,502","161,167","139,908",1.43,1.36
PACE,27Aug2018,Mountain,N,"150,479","143,649","162,606","18,957","93,490","32,392",,,"4,168","8,792","21,898","1,866",,"12,100","22,055","6,550","6,363","-1,233","-20,942","-5,596",2.26,0.89,,"95,819","13,118",,244,"109,182","12,932","30,924","91,190","162,606","143,309",1.48,1.40
PACE,28Aug2018,Mountain,N,"141,815","139,460","152,803","13,343","99,071","35,580",,,"4,035","8,734","3,489","1,894",,"11,564","26,274","5,163","6,239","-1,294","-23,566","-10,615",2.26,0.89,,"101,604","14,391",,121,"116,115","17,960","35,615","98,461","152,803","139,038",1.68,1.56
PACE,29Aug2018,Mountain,N,"145,094","139,599","157,400","17,801","100,698","33,930",,,"3,894","6,736","10,274","1,868",,"11,134","25,257","6,374","8,760",-844,"-24,634","-7,874",2.26,0.89,,"103,360","13,737",,151,"117,248","15,787","36,297","96,738","157,400","139,227",1.64,1.53
PACE,30Aug2018,Mountain,N,"152,248","144,804","160,082","15,278","99,689","33,954",,,"3,801","5,472","15,005","2,161",,"11,058","21,232","5,949","8,662","-2,240","-25,813","-3,219",2.26,0.89,,"102,230","13,782",,176,"116,187","14,259","32,362","98,083","160,082","144,453",1.60,1.50
PACE,31Aug2018,Mountain,N,"148,379","147,375","155,338","7,963","97,380","31,476",,,"3,682","7,909","12,225","2,666",,"10,028","15,687","5,721","7,712","-3,196","-18,547","-9,103",2.25,0.89,,"99,338","12,741",,176,"112,254","14,643","27,014","99,883","155,338","147,036",1.59,1.50
PACE,01Sep2018,Mountain,N,"140,061","134,782","144,118","9,336","88,922","30,394",,,"3,736","8,490","10,328","2,248",,"8,540","17,679","4,696","6,478",-791,"-16,759","-10,131",2.25,0.89,,"90,606","12,293",,165,"103,064","13,541","25,916","90,689","144,118","134,406",1.58,1.49
PACE,02Sep2018,Mountain,N,"136,072","133,734","150,754","17,020","97,278","32,444",,,"3,782","7,747","7,525","1,978",,"10,851","27,496","5,410","9,064",-830,"-23,419","-11,180",2.25,0.89,,"99,076","13,114",,140,"112,330","19,109","37,612","93,826","150,754","133,362",1.64,1.55
PACE,03Sep2018,Mountain,N,"138,962","137,500","157,992","20,492","105,287","34,333",,,"3,786","5,775","6,198","2,613",,"13,087","28,715","5,743","10,323",-872,"-25,516","-10,633",2.25,0.89,,"107,296","13,841",,122,"121,259","19,654","42,171","98,742","157,992","137,145",1.69,1.59
PACE,04Sep2018,Mountain,N,"145,606","144,988","156,078","11,090","104,940","34,361",,,"3,866","3,671","6,767","2,473",,"13,514","29,590","4,997","8,610",-780,"-30,099","-14,360",2.25,0.89,,"107,048","13,829",,111,"120,988","24,552","41,372","104,168","156,078","144,606",1.71,1.59
PACE,05Sep2018,Mountain,N,"147,723","147,663","145,993","-1,670","88,742","35,163",,,"3,929","4,560","10,738","2,861",,"11,099","22,275","4,146","5,463",-921,"-29,114","-14,224",2.25,0.89,,"90,468","14,158",,147,"104,773","23,611","29,620","98,764","145,993","147,269",1.58,1.48
PACE,06Sep2018,Mountain,N,"149,351","147,998","150,366","2,368","95,121","34,940",,,"3,822","7,967","5,849","2,667",,"12,113","24,457","4,215","5,726","1,093","-28,961","-15,895",2.25,0.89,,"96,893","14,096",,135,"111,124","24,010","33,232","101,902","150,366","147,618",1.63,1.52
PACE,07Sep2018,Mountain,N,"150,464","149,458","148,606",-852,"94,564","35,377",,,"3,745","7,668","4,590","2,662",,"12,303","22,565","3,282","7,905","-2,190","-28,643","-15,709",2.25,0.89,,"96,320","14,324",,124,"110,768","25,115","32,569","103,314","148,606","149,093",1.64,1.53
PACE,08Sep2018,Mountain,N,"146,399","142,141","152,974","10,833","92,095","31,315",,,"3,843","7,595","15,455","2,671",,"11,724","22,342","4,580","10,215","-1,113","-25,448","-11,143",2.25,0.90,,"93,816","12,730",,196,"106,742","19,081","32,523","93,299","152,974","141,817",1.54,1.45
PACE,09Sep2018,Mountain,N,"138,679","135,853","152,338","16,485","94,014","33,249",,,"3,779","7,894","10,726","2,676",,"11,004","29,679","4,314","9,888",-545,"-24,998","-12,518",2.25,0.90,,"95,791","13,515",,167,"109,473","20,287","37,698","92,061","152,338","135,514",1.58,1.50
PACE,10Sep2018,Mountain,N,"150,135","146,972","154,467","7,495","99,149","32,595",,,"3,742","8,225","8,126","2,630",,"12,480","21,949","4,344","7,969","-2,247","-26,324","-10,358",2.25,0.89,,"100,993","13,212",,151,"114,355","19,424","32,614","101,165","154,467","146,654",1.63,1.52
PACE,11Sep2018,Mountain,N,"150,710","140,549","141,077",528,"81,994","33,353",,,"3,756","8,317","11,045","2,612",,"8,733","17,367","3,967","5,583","-2,545","-25,097","-7,148",2.25,0.89,,"83,632","13,524",,171,"97,327","16,994","23,890","90,430","141,077","140,217",1.52,1.42
PACE,12Sep2018,Mountain,N,"144,821","142,078","143,532","1,454","78,645","33,059",,,"3,766","8,390","17,041","2,631",,"9,151","17,390","5,191","5,816","-1,977","-26,314","-7,455",2.25,0.89,,"80,231","13,386",,212,"93,829","17,497","23,890","87,436","143,532","141,730",1.44,1.36
PACE,13Sep2018,Mountain,N,"142,381","137,177","143,936","6,759","86,143","32,302",,,"3,775","8,188","10,859","2,669",,"10,747","19,347","3,958","4,283","-2,575","-21,249","-7,392",2.25,0.89,,"87,838","13,070",,169,"101,078","15,277","25,853","90,502","143,936","136,817",1.55,1.46
PACE,14Sep2018,Mountain,N,"144,724","140,056","147,930","7,874","93,636","32,001",,,"3,659","8,341","7,640","2,653",,"14,581","18,441","3,142","3,428","-3,534","-21,709","-6,123",2.25,0.89,,"95,376","12,915",,148,"108,439","15,743","27,743","96,439","147,930","139,704",1.62,1.52
PACE,15Sep2018,Mountain,N,"136,227","140,145","136,916","-3,229","83,982","26,035",,,"3,549","8,074","12,704","2,572",,"5,303","11,871","2,777","2,552","-2,501","-21,914",-967,2.24,0.89,,"85,507","10,496",,179,"96,182","12,721","16,359","92,544","136,916","139,795",1.55,1.46
PACE,16Sep2018,Mountain,N,"136,298","136,574","142,869","6,295","89,831","25,935",,,"3,462","7,234","13,868","2,539",,"6,043","13,212","3,718","3,624","-1,700","-17,381",-880,2.25,0.89,,"91,481","10,459",,180,"102,120","8,919","18,829","92,210","142,869","136,233",1.58,1.49
PACE,17Sep2018,Mountain,N,"142,071","145,791","147,073","1,282","96,969","26,125",,,"3,375","7,910","10,377","2,317",,"9,372","11,692","2,071","3,781","-2,178","-19,872","-3,231",2.25,0.89,,"98,862","10,512",,159,"109,533","11,599","19,352","101,780","147,073","145,438",1.64,1.54
PACE,18Sep2018,Mountain,N,"144,312","143,249","145,578","2,329","98,927","23,641",,,"3,131","8,093","10,005","1,781",,"11,096","16,486","3,068","3,162","-1,162","-19,764","-11,287",2.25,0.89,,"100,929","9,516",,153,"110,599","16,486","24,545","102,539","145,578","143,979",1.67,1.57
PACE,19Sep2018,Mountain,N,"137,877","137,755","147,893","10,138","100,889","22,930",,,"3,067","8,148","10,767","2,092",,"11,821","21,527","3,707","5,429",409,"-23,388","-8,998",2.26,0.90,,"103,580","9,315",,160,"113,056","16,478","31,033","98,501","147,893","137,386",1.69,1.58
PACE,20Sep2018,Mountain,N,"132,065","131,343","146,587","15,244","92,058","23,580",,,"2,872","7,846","17,674","2,557",,"12,026","20,146","4,114","6,270",531,"-19,197","-8,087",2.26,0.90,,"94,569","9,591",,206,"104,365","13,587","29,374","88,579","146,587","130,784",1.57,1.49
PACE,21Sep2018,Mountain,N,"136,471","132,225","144,938","12,713","100,667","24,956",,,"2,790","7,917","5,991","2,617",,"13,066","24,398","2,980","8,431",961,"-24,427","-12,288",2.26,0.90,,"103,378","10,182",,128,"113,688","19,669","36,723","96,635","144,938","131,817",1.73,1.62
PACE,22Sep2018,Mountain,N,"131,635","131,782","142,604","10,822","88,542","24,163",,,"2,750","7,292","17,292","2,565",,"11,570","15,851","4,106","5,351",338,"-17,446","-8,576",2.26,0.90,,"90,834","9,862",,199,"100,895","12,510","25,256","88,148","142,604","131,410",1.56,1.48
PACE,23Sep2018,Mountain,N,"128,599","128,204","142,900","14,696","86,182","24,816",,,"2,720","5,586","21,054","2,542",,"11,544","14,753","4,305","4,344","1,158","-14,442","-6,600",2.26,0.90,,"88,348","10,134",,212,"98,694","9,790","23,969","84,515","142,900","127,838",1.52,1.46
PACE,24Sep2018,Mountain,N,"132,300","132,776","145,131","12,355","91,590","24,813",,,"2,639","7,133","16,386","2,570",,"12,525","19,742","2,762","6,805",-114,"-20,213","-8,753",2.26,0.90,,"93,893","10,116",,191,"104,200","14,355","28,620","89,935","145,131","132,377",1.58,1.50
PACE,25Sep2018,Mountain,N,"131,965","131,328","139,397","8,069","91,338","27,916",,,"3,500","7,728","6,307","2,608",,"11,856","20,734","2,691","5,391","-1,119","-21,330","-9,704",2.26,0.90,,"93,774","11,380",,134,"105,288","16,864","29,472","92,680","139,397","130,878",1.67,1.56
PACE,26Sep2018,Mountain,N,"133,069","130,400","150,897","20,497","94,444","30,933",,,"2,487","7,735","12,710","2,588",,"14,503","21,647","6,416","8,154","-1,155","-22,648","-5,974",2.26,0.90,,"96,930","12,626",,170,"109,725","14,935","35,090","89,570","150,897","129,954",1.60,1.52
PACE,27Sep2018,Mountain,N,"134,078","132,086","153,472","21,039","93,781","30,474",,,"2,479","7,628","16,163","2,444",,"14,418","23,838","6,769","8,895",-294,"-25,717","-6,453",2.26,0.90,,"96,172","12,444",,191,"108,807","16,862","36,894","88,775","152,969","131,513",1.57,1.49
PACE,28Sep2018,Mountain,N,"135,608","133,275","154,000","20,725","96,142","31,552",,,"2,422","6,685","14,709","2,490",,"14,009","22,514","6,257","8,378",-962,"-23,265","-5,828",2.26,0.90,,"98,641","12,884",,175,"111,700","15,104","35,394","91,410","154,000","132,897",1.60,1.52
PACE,29Sep2018,Mountain,N,"132,463","131,888","150,738","18,850","93,524","31,665",,,"2,375","7,030","13,624","2,520",,"13,735","21,710","5,425","7,391",-756,"-23,187","-5,102",2.26,0.90,,"95,902","12,919",,170,"108,991","14,988","33,688","90,291","150,738","131,522",1.59,1.51
PACE,30Sep2018,Mountain,N,"128,300","127,856","152,101","24,245","92,531","30,745",,,"2,450","7,177","16,671","2,527",,"13,948","26,546","5,672","7,429","1,175","-25,146","-5,006",2.26,0.90,,"94,851","12,546",,192,"107,588","16,122","37,178","86,532","152,101","127,483",1.56,1.50
PACE,01Oct2018,Mountain,N,"134,203","131,518","145,378","13,860","98,260","30,904",,,703,"5,848","7,582","2,081",,"15,240","24,436","5,704","6,807","-2,078","-31,372","-4,944",2.26,0.90,,"100,731","12,580",,108,"113,420","21,058","38,369","96,108","145,447","131,654",1.72,1.61
PACE,02Oct2018,Mountain,N,"136,698","133,679","151,120","17,441","95,256","30,865",,,39,"2,839","20,479","1,642",,"12,435","24,075","5,863","2,320",-636,"-24,904","-1,305",2.26,0.90,,"97,776","12,555",,167,"110,497","12,652","31,532","91,618","151,200","133,352",1.61,1.51
PACE,03Oct2018,Mountain,N,"133,471","130,923","147,179","16,256","85,110","29,724",,,-27,"3,445","26,905","2,022",,"15,399","24,974","5,499","3,567","-1,395","-28,746","-2,599",2.27,0.90,,"87,492","12,101",,216,"99,809","16,405","32,074","84,140","147,352","130,653",1.49,1.42
PACE,04Oct2018,Mountain,N,"132,212","126,928","148,075","21,147","87,000","30,266",,,"1,193","4,976","22,134","2,506",,"16,272","29,078","4,444","5,016",561,"-31,578","-2,183",2.26,0.90,,"89,343","12,298",,205,"101,846","17,697","36,862","82,681","148,173","126,563",1.52,1.44
PACE,05Oct2018,Mountain,N,"127,602","123,173","139,768","16,595","89,343","30,600",,,"2,052","4,572","10,589","2,612",,"12,329","27,501","3,654","4,815",-582,"-27,623","-3,008",2.26,0.90,,"91,782","12,438",,132,"104,351","15,496","34,094","85,753","139,768","122,682",1.65,1.54
PACE,06Oct2018,Mountain,N,"124,092","118,342","134,662","16,320","92,396","30,721",,,"2,379",878,"5,705","2,583",,"10,152","28,284","3,185","5,804",-831,"-27,304","-2,460",2.26,0.90,,"94,834","12,509",,77,"107,419","17,358","36,310","88,468","134,662","117,832",1.76,1.66
PACE,07Oct2018,Mountain,N,"123,160","117,020","131,730","14,710","85,354","29,672",,,"2,240",710,"11,153","2,601",,"8,643","23,419","2,213","3,714",-729,"-20,479","-1,594",2.26,0.90,,"87,538","12,089",,111,"99,738","11,563","27,809","83,492","131,730","116,543",1.67,1.58
PACE,08Oct2018,Mountain,N,"130,455","126,385","126,829",444,"81,387","33,444",,,"2,221","2,599","4,672","2,506",,"7,056","21,459","1,638","2,584","-2,578","-22,496","-6,800",2.26,0.90,,"83,595","13,597",,80,"97,272","17,795","24,791","90,277","126,829","125,966",1.69,1.58
PACE,09Oct2018,Mountain,N,"124,867","128,591","130,128","1,537","80,808","32,174",,,"2,064","6,763","5,902","2,417",,"7,562","16,880","1,298","4,914","-3,109","-19,405","-6,114",2.27,0.90,,"83,022","13,095",,114,"96,231","14,574","21,943","88,861","130,128","128,102",1.63,1.53
PACE,10Oct2018,Mountain,N,"126,533","128,267","130,814","2,547","83,110","33,404",,,"2,041","5,814","4,081","2,364",,"6,584","20,146","1,196","4,003","-1,815","-22,016","-5,051",2.27,0.90,,"85,440","13,613",,95,"99,148","14,154","23,175","90,127","130,814","127,767",1.67,1.56
PACE,11Oct2018,Mountain,N,"129,880","128,127","134,778","6,651","85,878","35,846",,,"1,809","2,811","6,222","2,212",,"6,693","24,285","2,003","3,605","-1,248","-23,182","-5,009",2.26,0.90,,"88,138","14,599",,87,"102,823","14,600","26,490","90,933","134,778","127,631",1.68,1.57
PACE,12Oct2018,Mountain,N,"128,735","123,602","146,376","22,774","78,474","32,203",,,"1,596","6,716","24,924","2,463",,"8,857","25,015","3,475","6,466","-2,240","-21,459","3,158",2.26,0.90,,"80,309","13,117",,237,"93,663","10,743","29,085","75,321","146,376","123,104",1.41,1.35
PACE,13Oct2018,Mountain,N,"123,567","112,576","136,028","23,452","72,947","30,696",,,"1,403","6,932","21,605","2,445",,"8,236","26,268","5,371","5,652","-1,082","-21,296",786,2.26,0.90,,"74,667","12,539",,215,"87,421","10,915","29,255","69,081","136,028","112,093",1.42,1.36
PACE,14Oct2018,Mountain,N,"125,868","112,374","123,784","11,410","71,307","32,184",,,"1,348","7,216","9,286","2,443",,"7,608","28,571","2,055","3,133","-1,265","-23,512","-4,668",2.26,0.90,,"73,038","13,147",,135,"86,320","15,464","28,234","73,550","123,784","111,862",1.54,1.45
PACE,15Oct2018,Mountain,N,"133,093","126,957","138,991","12,034","78,979","32,773",,,"1,405","7,281","16,089","2,464",,"9,161","30,355","2,163","4,343","-1,598","-28,025","-3,855",2.26,0.90,,"80,988","13,351",,181,"94,520","17,474","30,669","81,325","138,991","126,447",1.50,1.42
PACE,16Oct2018,Mountain,N,"128,367","120,759","127,682","6,923","80,397","33,744",,,"1,252","5,746","4,063","2,480",,"9,162","32,077","1,036","5,064",54,"-31,318","-8,716",2.26,0.90,,"82,376","13,741",,90,"96,208","22,432","34,167","84,472","127,690","120,331",1.66,1.55
PACE,17Oct2018,Mountain,N,"128,170","112,753","129,326","17,206","75,883","35,385",,,"1,225","4,141","10,197","2,609",,"10,207","36,300","3,513","6,296",442,"-31,778","-7,272",2.26,0.90,,"77,677","14,420",,121,"92,218","22,253","38,989","75,482","129,459","111,751",1.57,1.49
PACE,18Oct2018,Mountain,N,"126,780","121,153","144,223","24,086","93,207","34,424",,,"1,176","6,444","15,366","2,630",,"10,991","30,722","5,349","7,288",-771,"-24,306","-4,691",2.26,0.90,,"95,423","14,046",,170,"109,639","15,331","36,994","87,977","153,247","128,665",1.58,1.51
PACE,19Oct2018,Mountain,N,"126,019","123,663","133,267","9,604","91,418","24,091",,,"1,142","6,680","7,280","2,656",,"8,649","28,813","3,246","5,625",-993,"-24,479","-10,779",2.26,0.90,,"93,620","9,833",,118,"103,571","19,380","33,782","89,170","133,267","123,185",1.71,1.60
PACE,20Oct2018,Mountain,N,"120,771","117,851","126,285","8,434","88,736","24,282",,,"1,194","5,732","3,710","2,631",,"8,891","31,963","2,629","6,074",-292,"-31,975","-8,392",2.26,0.90,,"90,841","9,913",,88,"100,843","24,132","37,689","87,286","126,285","117,387",1.76,1.64
PACE,21Oct2018,Mountain,N,"119,126","112,990","128,201","15,211","85,542","23,059",,,"1,167","3,334","12,545","2,554",,"10,404","35,060","3,452","6,178",982,"-31,848","-8,544",2.26,0.90,,"87,636","9,435",,130,"97,201","24,788","40,939","81,050","128,201","112,517",1.67,1.59
PACE,22Oct2018,Mountain,N,"128,899","125,574","130,431","4,857","93,955","23,473",,,752,"2,908","6,815","2,528",,"9,572","29,136","2,782","4,861","-1,448","-31,022","-8,532",2.26,0.90,,"96,214","9,566",,86,"105,866","23,892","35,419","94,339","130,431","125,082",1.79,1.66
PACE,23Oct2018,Mountain,N,"127,266","125,372","131,370","5,998","91,607","23,256",,,865,"6,105","6,985","2,552",,"8,666","28,939","2,133","6,783",-963,"-28,977","-10,050",2.26,0.90,,"93,766","9,476",,110,"103,352","21,634","34,206","90,779","131,370","124,839",1.73,1.60
PACE,24Oct2018,Mountain,N,"126,565","124,163","134,308","10,145","90,180","22,949",,,690,"5,809","12,165","2,515",,"7,177","27,342","3,747","6,697","-1,548","-26,855","-5,895",2.26,0.90,,"92,241","9,341",,141,"101,723","17,334","31,752","87,305","134,308","123,643",1.67,1.56
PACE,25Oct2018,Mountain,N,"128,098","124,139","129,711","5,572","85,526","23,300",,,346,"5,476","12,514","2,549",,"7,363","27,828","4,792","6,612","-1,885","-31,659","-6,971",2.26,0.90,,"87,643","9,467",,139,"97,249","21,361","32,758","85,852","129,711","123,631",1.65,1.53
PACE,26Oct2018,Mountain,N,"126,296","122,000","134,045","12,045","69,858","27,568",,,755,"6,061","27,208","2,595",,"7,877","26,953","5,426","6,527","-2,542","-30,285","-1,428",2.26,0.90,,"71,607","11,214",,243,"83,065","17,109","28,244","71,929","134,045","121,517",1.37,1.30
PACE,27Oct2018,Mountain,N,"121,148","114,760","131,717","16,957","65,059","29,533",,,364,"5,394","28,785","2,582",,"8,013","32,211","6,114","7,366","-1,747","-31,925","-2,630",2.26,0.90,,"66,607","12,037",,247,"78,891","19,734","31,452","67,173","131,717","114,315",1.32,1.30
PACE,28Oct2018,Mountain,N,"119,328","113,637","135,317","21,680","77,420","28,490",,,922,"5,899","20,050","2,536",,"9,241","32,393","5,330","7,697",-114,"-28,762","-3,681",2.26,0.90,,"79,217","11,602",,195,"91,014","18,200","36,469","72,746","135,317","113,213",1.48,1.42
PACE,29Oct2018,Mountain,N,"127,730","123,625","151,051","27,426","86,164","28,586",,,265,"5,200","28,285","2,551",,"10,748","32,251","5,957","9,563",-279,"-29,080","-1,302",2.26,0.90,,"88,207","11,653",,241,"100,102","15,246","37,820","77,528","151,051","123,193",1.46,1.39
PACE,30Oct2018,Mountain,N,"128,890","123,299","137,878","14,579","98,139","29,042",,,132,"5,944","2,073","2,548",,"10,879","31,626","3,874","8,408",165,"-31,608","-8,257",2.25,0.90,,"100,366","11,830",,71,"112,267","21,455","41,790","91,932","137,878","122,791",1.80,1.65
PACE,31Oct2018,Mountain,N,"128,837","123,575","147,881","24,306","94,945","25,928",,,400,"6,059","18,030","2,519",,"10,219","33,169","6,788","8,529",626,"-30,567","-3,947",2.25,0.90,,"97,005","10,544",,179,"107,729","17,521","41,382","83,868","147,881","123,064",1.61,1.50
PACE,01Nov2018,Mountain,N,"129,346","128,248","148,948","20,700","94,759","25,248",,,543,"3,081","22,828","2,489",,"11,117","24,212","7,614","8,691",-142,"-25,933","-4,397",2.25,0.89,,"96,790","10,241",,192,"107,223","13,982","35,101","86,104","148,948","127,786",1.59,1.49
PACE,02Nov2018,Mountain,N,"126,700","121,321","142,493","21,172","78,730","22,870",,,386,"5,505","32,507","2,495",,"9,751","17,791","8,403","8,849","-2,505","-16,627","-4,009",2.26,0.90,,"80,613","9,308",,272,"90,193","10,360","27,726","72,826","142,493","120,840",1.40,1.33
PACE,03Nov2018,Mountain,N,"121,377","116,949","119,783","2,834","74,960","19,694",,,309,"5,018","17,364","2,438",,"2,606","18,294","7,000","9,306","-2,935","-20,810","-10,128",2.26,0.90,,"76,704","8,029",,167,"84,900","17,143","25,390","76,652","119,783","116,450",1.56,1.45
PACE,04Nov2018,Mountain,N,"125,541","121,241","135,344","14,103","77,311","20,250",,,353,"3,410","31,503","2,517",,"2,810","20,926","8,264","9,833","-3,654","-19,058","-4,507",2.25,0.90,,"78,969","8,260",,251,"87,480","12,738","26,373","73,846","135,344","120,730",1.42,1.35
PACE,05Nov2018,Mountain,N,"130,419","124,024","118,178","-5,846","68,893","21,471",,,390,"5,559","19,461","2,404",,-606,"17,520","6,152","5,181","-1,403","-20,104","-12,088",2.26,0.90,,"70,483","8,758",,185,"79,426","16,743","19,533","76,636","118,178","123,526",1.48,1.37
PACE,06Nov2018,Mountain,N,"131,225","126,536","127,289",753,"81,679","23,895",,,409,"5,744","13,104","2,458",,"4,760","21,374","6,473","5,536",-914,"-25,248","-10,715",2.25,0.90,,"83,484","9,762",,144,"93,390","18,185","26,745","84,830","127,289","126,023",1.62,1.48
PACE,07Nov2018,Mountain,N,"131,899","122,881","122,545",-336,"84,597","23,847",,,452,"5,646","5,531","2,472",,"6,586","25,575","3,215","3,882",-81,"-30,531","-8,471",2.26,0.90,,"86,540","9,729",,94,"96,363","19,282","28,587","87,058","122,545","122,370",1.73,1.57
PACE,08Nov2018,Mountain,N,"133,440","129,702","135,349","5,647","84,420","26,576",,,400,"5,728","15,724","2,501",,"7,145","27,477",818,"3,285",945,"-29,540","-3,970",2.26,0.90,,"86,413","10,802",,162,"97,377","16,318","27,876","85,819","135,349","129,189",1.59,1.46
PACE,09Nov2018,Mountain,N,"132,095","125,030","137,317","12,287","85,204","22,096",,,410,"5,649","21,441","2,517",,"7,761","32,846","3,052","4,439","2,227","-31,013","-6,508",2.26,0.90,,"87,294","9,004",,199,"96,498","18,888","33,305","82,081","137,317","124,513",1.55,1.45
PACE,10Nov2018,Mountain,N,"127,573","120,145","128,131","7,986","77,712","24,116",,,421,"5,366","17,984","2,532",,"6,113","32,038","3,385","4,996","2,130","-30,356","-9,816",2.26,0.90,,"79,656","9,851",,175,"89,683","21,530","32,025","79,188","128,131","119,641",1.54,1.46
PACE,11Nov2018,Mountain,N,"125,633","119,752","120,793","1,041","81,154","25,996",,,455,"4,510","6,248","2,430",,"7,571","26,623",803,"1,287",-85,"-22,555","-12,087",2.27,0.90,,"83,380","10,613",,91,"94,084","9,872","25,469","78,488","120,793","119,236",1.72,1.45
PACE,12Nov2018,Mountain,N,"134,233","126,888","137,033","10,145","90,229","25,152",,,472,"5,589","13,354","2,237",,"7,624","35,191","2,158","4,261","1,742","-27,466","-12,849",2.27,0.90,,"92,728","10,237",,144,"103,110","19,096","35,176","87,030","137,033","126,372",1.66,1.52
PACE,13Nov2018,Mountain,N,"133,339","131,533","151,996","20,463","92,524","28,975",,,479,"5,338","22,222","2,458",,"9,814","38,801","3,910","7,781","1,895","-30,950","-10,370",2.26,0.89,,"94,904","11,746",,203,"106,852","21,880","41,578","87,154","151,996","131,115",1.55,1.47
PACE,14Nov2018,Mountain,N,"134,350","130,548","146,077","15,529","88,488","27,023",,,449,"5,008","22,572","2,537",,"10,121","31,456","5,818","9,740","1,252","-31,165","-11,182",2.26,0.90,,"90,759","10,973",,203,"101,935","22,246","38,684","85,498","146,077","130,037",1.54,1.45
PACE,15Nov2018,Mountain,N,"135,505","129,488","140,974","11,486","86,826","29,830",,,420,"4,841","16,231","2,826",,"9,791","31,995","6,089","9,520",202,"-31,395","-14,239",2.26,0.90,,"89,115","12,158",,162,"101,435","25,510","39,491","87,453","140,974","129,011",1.59,1.49
PACE,16Nov2018,Mountain,N,"134,041","129,027","152,011","23,220","90,033","33,477",,,412,"4,832","20,466","2,883",,"11,719","34,022","7,838","12,303",435,"-29,919","-12,774",2.26,0.90,,"92,386","13,635",,190,"106,211","23,474","44,259","85,426","152,103","128,479",1.54,1.47
PACE,17Nov2018,Mountain,N,"129,649","126,057","133,256","7,199","83,257","34,189",,,776,"4,864","7,335","2,835",,"9,474","31,854","3,855","8,528",252,"-31,799","-14,555",2.26,0.90,,"85,404","13,963",,105,"99,473","27,977","38,749","88,701","133,257","125,648",1.65,1.56
PACE,18Nov2018,Mountain,N,"128,549","123,079","145,128","22,049","83,059","31,342",,,"1,023","5,183","21,694","2,827",,"9,809","39,493","3,276","9,478","1,856","-31,575","-9,862",2.26,0.90,,"85,105","12,763",,204,"98,073","23,418","41,694","79,797","145,128","122,653",1.49,1.43
PACE,19Nov2018,Mountain,N,"139,253","130,642","141,621","10,979","85,098","36,381",,,979,"5,551","10,805","2,807",,"8,965","35,061","2,493","8,163","1,834","-31,699","-13,543",2.26,0.90,,"87,235","14,796",,134,"102,165","25,156","38,552","88,769","141,621","130,347",1.59,1.50
PACE,20Nov2018,Mountain,N,"138,854","131,527","142,008","10,481","87,316","31,955",,,967,"4,705","14,219","2,846",,"8,542","32,785","1,491","7,408","1,297","-28,039","-12,578",2.26,0.90,,"89,526","13,011",,151,"102,688","22,518","35,612","89,593","142,008","131,102",1.59,1.51
PACE,21Nov2018,Mountain,N,"136,204","126,990","141,685","14,695","89,420","27,461",,,"1,010","4,384","16,546","2,864",,"8,349","35,058","1,957","7,845","2,416","-29,350","-11,179",2.26,0.90,,"91,735","11,198",,165,"103,098","22,545","38,312","87,331","141,685","126,589",1.60,1.52
PACE,22Nov2018,Mountain,N,"129,973","122,212","138,060","15,848","85,418","22,017",,,"1,002","1,714","26,703","1,206",,"7,783","36,403","5,495","6,772","3,265","-30,684","-12,777",2.26,0.90,,"87,711","9,003",,204,"96,918","24,824","40,108","81,635","138,060","121,803",1.55,1.48
PACE,23Nov2018,Mountain,N,"132,021","122,039","137,929","15,890","80,299","23,626",,,"1,015","2,659","30,111",219,,"6,097","34,952","5,571","5,438","1,696","-23,261","-14,204",2.27,0.90,,"82,506","9,673",,226,"92,405","19,472","34,281","77,596","137,929","121,640",1.48,1.41
PACE,24Nov2018,Mountain,N,"134,954","124,587","138,782","14,195","81,969","27,932",,,"1,028","1,751","25,879",223,,"5,904","33,956","4,544","3,658","3,089","-24,185","-12,356",2.26,0.90,,"84,171","11,424",,192,"95,787","19,713","34,131","81,369","138,782","124,172",1.52,1.44
PACE,25Nov2018,Mountain,N,"134,486","118,605","133,800","15,195","83,119","29,192",,,"1,134","4,111","16,070",174,,"6,619","41,904","3,918","5,500","2,361","-30,979","-13,696",2.27,0.90,,"85,415","11,912",,143,"97,470","25,759","41,841","81,388","133,800","118,173",1.61,1.52
PACE,26Nov2018,Mountain,N,"142,859","128,059","138,249","10,190","80,432","27,332",,,969,"4,891","24,484",141,,"6,546","34,443","3,057","6,041","1,463","-30,678","-10,255",2.26,0.90,,"82,470","11,104",,203,"93,776","22,147","33,653","82,269","138,249","127,632",1.50,1.42
PACE,27Nov2018,Mountain,N,"136,700","129,151","132,080","2,929","73,891","27,161",,,"1,078","3,216","24,885","1,849",,"5,240","29,902","3,326","5,651",690,"-30,046","-11,441",2.26,0.90,,"75,822","11,039",,206,"87,067","22,027","28,552","80,543","132,080","128,758",1.45,1.38
PACE,28Nov2018,Mountain,N,"137,708","125,182","123,557","-1,625","69,960","31,148",,,"1,037","1,206","17,417","2,789",,"2,611","36,049","3,436","4,715",418,"-30,942","-17,508",2.27,0.90,,"71,910","12,676",,149,"84,735","28,424","31,932","81,228","123,557","124,778",1.51,1.44
PACE,29Nov2018,Mountain,N,"140,473","127,851","128,206",355,"84,641","32,349",,,"1,023","2,059","5,436","2,698",,"6,605","36,724","2,163","6,954","1,807","-29,491","-23,999",2.26,0.90,,"86,924","13,142",,75,"100,141","32,491","39,740","92,891","128,206","127,443",1.72,1.61
PACE,30Nov2018,Mountain,N,"140,137","130,985","136,331","6,019","87,770","30,933",,,"1,058","1,987","11,921","2,735",,"6,641","41,325","3,484","6,702","2,322","-28,542","-25,497",2.26,0.90,,"89,958","12,611",,118,"102,686","32,421","42,996","92,112","136,404","129,969",1.66,1.56
PACE,01Dec2018,Mountain,N,"140,350","125,889","139,838","13,949","86,627","30,145",,,"1,024","3,569","15,701","2,772",,"8,573","41,255","6,031","7,567",939,"-27,963","-22,030",2.26,0.90,,"88,860","12,331",,153,"101,344","28,339","44,003","85,680","139,838","125,466",1.60,1.51
PACE,02Dec2018,Mountain,N,"141,196","130,566","136,267","5,701","96,449","30,716",,,"1,090","2,429","2,768","2,815",,"9,027","37,352","3,724","6,542","1,025","-27,436","-24,103",2.26,0.90,,"98,712","12,551",,60,"111,324","31,474","44,284","98,514","136,267","130,136",1.80,1.67
PACE,03Dec2018,Mountain,N,"151,291","138,195","149,697","11,502","106,729","30,473",,,"1,071","4,478","4,630","2,316",,"9,590","38,628","1,716","8,800","1,180","-28,225","-19,752",2.25,0.90,,"109,119","12,382",,83,"121,584","28,563","46,033","104,114","149,697","137,760",1.79,1.67
PACE,04Dec2018,Mountain,N,"150,491","137,947","157,994","20,047","102,003","30,424",,,"1,040","1,787","20,091","2,649",,"10,138","40,487","4,453","9,107",-71,"-28,745","-15,017",2.26,0.90,,"104,431","12,353",,170,"116,954","24,057","45,279","95,732","157,994","137,642",1.63,1.53
PACE,05Dec2018,Mountain,N,"148,917","139,080","154,421","15,341","101,658","32,700",,,"1,024","1,363","15,105","2,571",,"8,378","38,993","2,557","11,956",-705,"-28,476","-16,912",2.26,0.90,,"104,407","13,301",,133,"117,841","25,264","44,227","98,877","154,421","138,630",1.68,1.57
PACE,06Dec2018,Mountain,N,"149,245","138,430","147,250","8,820","103,899","33,145",,,"1,035","1,743","4,911","2,517",,"5,876","36,590","3,839","11,920","-1,346","-29,976","-17,676",2.27,0.90,,"106,781","13,468",,68,"120,317","27,328","43,987","103,658","147,250","138,023",1.80,1.66
PACE,07Dec2018,Mountain,N,"149,935","136,137","148,467","12,330","104,373","31,348",,,"1,021","2,856","7,349","1,520",,"6,347","38,820","3,968","10,386",-808,"-29,544","-16,316",2.26,0.89,,"107,148","12,715",,85,"119,948","26,384","44,776","101,556","148,467","135,614",1.78,1.65
PACE,08Dec2018,Mountain,N,"141,577","128,134","149,431","21,297","97,913","25,869",,,997,"4,340","18,637","1,675",,"4,752","43,934","3,838","10,303",267,"-27,107","-14,167",2.26,0.90,,"100,512","10,507",,170,"111,189","23,857","44,922","90,124","149,431","127,611",1.64,1.56
PACE,09Dec2018,Mountain,N,"140,629","130,073","151,135","21,062","104,706","26,567",,,"1,034","2,103","15,016","1,709",,"5,618","41,563","4,501","10,096","1,024","-26,797","-14,383",2.26,0.90,,"107,540","10,799",,132,"118,472","23,470","46,537","95,406","151,135","129,513",1.73,1.62
PACE,10Dec2018,Mountain,N,"148,595","132,994","151,737","18,743","98,833","31,524",,,"-1,732","1,918","19,591","1,603",,"7,269","38,003","4,138","9,689",-113,"-28,486","-11,243",2.26,0.90,,"101,507","12,799",,161,"114,466","21,883","41,903","94,445","154,520","135,263",1.63,1.54
PACE,11Dec2018,Mountain,N,"150,172","139,107","153,954","14,847","95,715","29,624",,,"3,375","1,761","21,711","1,768",,"6,650","37,643","4,671","9,141","1,578","-28,945","-15,363",2.27,0.90,,"98,345","12,055",,190,"110,591","23,808","40,772","93,626","153,954","138,579",1.58,1.49
PACE,12Dec2018,Mountain,N,"146,405","142,187","154,538","12,351","91,237","26,687",,,"1,049","3,791","29,718","2,056",,"6,522","30,432","5,659","10,034","1,829","-29,577","-12,035",2.26,0.90,,"93,638","10,873",,243,"104,754","20,998","35,352","90,400","154,538","141,674",1.49,1.41
PACE,13Dec2018,Mountain,N,"149,282","142,585","156,398","13,813","94,650","28,790",,,"1,083","4,416","24,820","2,639",,"5,801","34,311","5,579","9,657","1,799","-30,071","-12,736",2.27,0.90,,"97,263","11,740",,219,"109,222","22,091","38,077","93,236","156,398","142,058",1.54,1.45
PACE,14Dec2018,Mountain,N,"148,222","143,341","164,958","21,617","102,307","32,246",,,"1,053","3,194","23,555","2,603",,"8,802","33,460","6,349","11,960","3,443","-32,199","-9,686",2.26,0.90,,"104,926","13,152",,202,"118,280","21,311","43,184","96,407","164,958","142,829",1.58,1.49
PACE,15Dec2018,Mountain,N,"141,558","136,391","162,851","26,460","97,804","27,167",,,998,"4,334","30,101","2,447",,"8,043","40,207","7,000","9,916","2,721","-32,190","-8,742",2.26,0.90,,"100,124","11,079",,252,"111,454","22,160","44,512","89,103","162,851","135,896",1.51,1.45
PACE,16Dec2018,Mountain,N,"137,731","136,325","161,329","25,004","105,118","26,570",,,"1,002","4,283","21,930","2,426",,"9,461","37,035","5,468","9,820","2,993","-32,186","-7,082",2.26,0.90,,"107,573","10,816",,197,"118,586","21,249","45,196","94,639","161,329","135,820",1.62,1.54
PACE,17Dec2018,Mountain,N,"146,099","140,455","149,655","9,200","95,227","28,052",,,"1,058",995,"21,896","2,427",,"7,727","34,254","3,787","5,605","1,605","-32,249","-12,212",2.26,0.90,,"97,528","11,426",,175,"109,130","23,937","36,682","96,386","149,655","141,138",1.61,1.51
PACE,18Dec2018,Mountain,N,"145,544","137,963","149,037","11,074","87,542","24,262",,,"1,061","3,171","30,558","2,443",,"8,197","33,282","4,434","6,718",-218,"-31,016","-9,806",2.26,0.90,,"89,794","9,891",,247,"99,932","20,276","33,570","86,638","149,037","137,446",1.48,1.39
PACE,19Dec2018,Mountain,N,"143,469","137,942","151,383","13,441","85,151","25,342",,,"1,088","4,041","33,300","2,461",,"8,101","33,098","6,503","9,856",722,"-31,345","-12,979",2.26,0.90,,"87,441","10,345",,272,"98,057","22,142","36,053","84,146","151,383","137,427",1.43,1.35
PACE,20Dec2018,Mountain,N,"142,314","140,079","155,761","15,682","94,320","25,905",,,"1,088","3,990","28,016","2,442",,"6,951","37,270","5,310","10,335","1,498","-31,289","-13,903",2.26,0.90,,"96,846","10,568",,236,"107,650","23,701","40,244","91,106","155,761","139,589",1.52,1.44
PACE,21Dec2018,Mountain,N,"142,258","140,461","156,323","15,862","94,511","22,348",,,"1,092","1,994","33,926","2,452",,"6,792","37,918","5,806","9,938",269,"-30,851","-13,518",2.26,0.90,,"96,767","9,098",,262,"106,127","23,416","39,327","90,216","156,323","139,969",1.50,1.42
PACE,22Dec2018,Mountain,N,"139,651","137,134","157,087","19,953","101,863","24,600",,,"1,101","4,043","23,029","2,445",,"5,989","42,569","5,460","9,805","1,165","-29,082","-15,432",2.26,0.90,,"104,330","10,042",,203,"114,575","25,045","45,109","94,512","157,081","136,607",1.61,1.53
PACE,23Dec2018,Mountain,N,"137,236","134,838","157,991","23,153","100,057","23,380",,,"1,113","2,909","27,999","2,446",,"8,119","39,824","5,337","11,163",437,"-32,294","-8,925",2.26,0.90,,"102,472","9,537",,229,"112,238","22,503","44,013","90,728","157,904","134,243",1.57,1.49
PACE,24Dec2018,Mountain,N,"138,702","132,753","146,940","14,715","100,234","22,792",,,"1,075","2,780","17,454","2,463",,"3,952","42,067","5,134","8,391","2,277","-30,626","-15,968",2.26,0.90,,"102,670","9,305",,158,"112,133","27,804","44,965","94,972","146,798","131,571",1.68,1.59
PACE,25Dec2018,Mountain,N,"133,147","127,768","132,364","4,596","96,468","23,490",,,"1,078",763,"7,880","2,481",,"3,513","37,781","3,226","5,697","2,538","-29,236","-18,400",2.26,0.90,,"98,773","9,593",,81,"108,447","29,119","41,311","96,255","132,160","127,041",1.81,1.67
PACE,26Dec2018,Mountain,N,"144,666","136,788","134,543","-2,073","92,369","27,942",,,"1,058","2,313","8,396","2,453",,"5,162","38,222","1,661","6,221","1,222","-31,478","-22,555",2.26,0.90,,"94,735","11,429",,95,"106,258","31,582","38,566","99,274","134,531","136,076",1.74,1.61
PACE,27Dec2018,Mountain,N,"146,856","143,325","133,866","-9,190","93,928","28,654",,,"1,060","1,665","6,486","2,139",,"5,294","33,321","1,057","7,946","1,349","-32,246","-25,442",2.26,0.90,,"96,326","11,723",,75,"108,124","32,627","36,173","104,578","133,932","142,653",1.78,1.62
PACE,28Dec2018,Mountain,N,"147,176","143,765","140,078","-3,687","97,496","31,850",,,"1,034","2,538","5,058","2,067",,"6,605","30,994","1,525","9,412",621,"-31,923","-20,394",2.26,0.90,,"99,763","12,990",,71,"112,824","29,100","36,692","105,232","140,043","143,203",1.78,1.62
PACE,29Dec2018,Mountain,N,"145,323","139,419","157,624","18,205","93,135","28,103",,,985,"3,727","29,606","2,068",,"6,715","33,006","4,318","10,336","1,018","-27,909","-8,751",2.25,0.90,,"95,184","11,426",,242,"106,852","18,065","35,809","89,108","157,624","138,891",1.49,1.41
PACE,30Dec2018,Mountain,N,"141,322","136,984","154,243","17,259","92,305","26,855",,,975,"3,961","27,882","2,265",,"5,537","32,538","5,227","8,651","1,768","-24,339","-11,623",2.26,0.90,,"94,423","10,974",,233,"105,630","18,877","35,876","88,631","154,243","136,484",1.51,1.43
PACE,31Dec2018,Mountain,N,"142,092","144,665","156,591","11,926","105,070","28,896",,,942,"1,888","17,414","2,381",,"10,238","27,780","4,105","7,520","1,639","-24,613","-14,212",2.26,0.90,,"107,583","11,801",,150,"119,534","19,434","36,576","102,392","156,591","144,134",1.68,1.57
PACE,01Jan2019,Mountain,N,"137,379","143,127","146,491","3,364","94,701","29,313",,,"1,016","4,006","15,015","2,440",,"5,505","28,458","2,388","5,335",-313,"-27,214","-10,305",2.24,0.92,,"96,145","12,184",,141,"108,470","18,426","30,032","96,864","146,491","142,637",1.63,1.50
PACE,02Jan2019,Mountain,N,"150,992","149,742","153,749","4,007","96,431","27,633",,,983,"4,537","21,777","2,388",,"5,615","29,260","4,080","7,059",-620,"-31,327","-9,527",2.24,0.92,,"97,893","11,504",,186,"109,583","19,261","30,872","97,971","153,749","149,209",1.57,1.45
PACE,03Jan2019,Mountain,N,"148,185","146,335","152,179","5,844","88,037","30,753",,,970,"4,740","25,398","2,281",,"5,417","29,068","6,983","8,610",-704,"-31,689","-11,333",2.24,0.92,,"89,342","12,817",,209,"102,369","22,379","32,163","92,585","152,179","145,827",1.48,1.40
PACE,04Jan2019,Mountain,N,"149,093","144,624","146,844","2,220","89,657","29,165",,,"1,070","4,832","19,806","2,314",,"5,482","25,952","6,211","8,762",-479,"-32,081","-11,127",2.24,0.92,,"91,093","12,180",,176,"103,449","22,836","31,163","95,121","146,844","144,124",1.55,1.46
PACE,05Jan2019,Mountain,N,"138,902","139,573","144,644","5,071","93,658","28,652",,,"1,214","1,581","17,224","2,315",,"6,084","25,624","6,370","9,880",-872,"-30,099","-11,406",2.24,0.92,,"95,136","11,969",,140,"107,245","21,957","33,276","95,926","144,644","139,063",1.63,1.52
PACE,06Jan2019,Mountain,N,"137,754","137,877","157,438","19,561","94,623","23,751",,,"1,253","2,443","33,106","2,262",,"7,376","33,912","6,497","9,218",-379,"-27,341","-9,204",2.24,0.92,,"96,305","9,963",,245,"106,513","18,987","37,032","88,468","157,438","137,359",1.49,1.42
PACE,07Jan2019,Mountain,N,"145,909","143,004","159,684","16,680","92,994","27,477",,,"1,236","2,933","32,787","2,257",,"7,183","31,180","7,477","7,963","-1,598","-26,764","-8,248",2.24,0.92,,"94,587","11,508",,246,"106,341","16,940","33,930","89,351","159,684","142,491",1.47,1.38
PACE,08Jan2019,Mountain,N,"146,911","142,959","152,683","9,724","101,951","27,566",,,"1,205","3,683","16,026","2,252",,"7,854","27,370","5,868","7,519","-2,085","-29,760","-6,526",2.24,0.92,,"103,753","11,510",,145,"115,408","18,689","34,221","99,876","152,683","142,443",1.67,1.55
PACE,09Jan2019,Mountain,N,"144,378","140,222","145,593","5,371","96,727","26,463",,,"1,178","3,495","15,457","2,273",,"5,961","26,396","4,930","7,505",-433,"-30,358","-8,120",2.24,0.92,,"98,390","11,037",,141,"109,567","18,902","31,525","96,945","145,593","139,712",1.66,1.53
PACE,10Jan2019,Mountain,N,"143,196","141,806","137,070","-4,736","91,348","26,606",,,"1,147","3,796","11,868","2,305",,"5,376","23,961","4,205","6,502","-2,558","-27,860","-13,846",2.25,0.92,,"93,261","11,124",,120,"104,505","23,695","28,572","99,628","137,070","141,290",1.68,1.55
PACE,11Jan2019,Mountain,N,"140,246","140,581","133,920","-6,661","94,715","28,983",,,"1,159","3,663","3,052","2,348",,"6,300","17,887","4,001","7,128","-4,235","-24,461","-12,760",2.25,0.92,,"96,615","12,087",,64,"108,766","21,018","26,233","103,551","133,920","140,060",1.79,1.63
PACE,12Jan2019,Mountain,N,"139,712","138,755","138,885",130,"98,935","31,826",,,"1,199","1,533","3,051","2,341",,"6,720","17,847","3,993","7,948","-3,215","-23,564","-9,073",2.25,0.92,,"100,892","13,309",,51,"114,252","18,388","27,734","104,906","138,885","138,229",1.81,1.67
PACE,13Jan2019,Mountain,N,"136,072","138,374","144,062","5,688","101,624","33,070",,,"1,160","1,005","4,891","2,312",,"6,454","24,560","1,863","6,832","-1,434","-22,807","-9,254",2.24,0.92,,"103,318","13,763",,59,"117,139","17,217","30,177","104,179","144,062","137,848",1.79,1.67
PACE,14Jan2019,Mountain,N,"146,041","147,543","155,929","8,386","101,734","35,775",,,"1,106","1,646","13,381","2,287",,"6,743","17,701","3,931","8,284","-2,417","-15,490","-9,834",2.24,0.92,,"103,508","14,892",,116,"118,516","14,054","26,450","106,120","155,929","147,011",1.68,1.59
PACE,15Jan2019,Mountain,N,"147,535","145,672","151,891","6,219","99,627","33,670",,,"1,030","1,048","14,251","2,265",,"7,170","24,569","-1,142","9,357","-2,755","-18,217","-12,224",2.25,0.92,,"101,503","14,063",,117,"115,683","18,678","30,398","103,962","151,891","145,133",1.68,1.58
PACE,16Jan2019,Mountain,N,"144,841","140,061","146,954","6,893","92,663","29,026",,,"1,045","1,640","20,290","2,290",,"5,366","24,386","4,143","7,317","-2,101","-19,689","-11,996",2.25,0.92,,"94,393","12,135",,158,"106,686","17,688","28,332","96,042","146,954","139,528",1.60,1.52
PACE,17Jan2019,Mountain,N,"143,485","141,593","163,988","22,395","97,215","31,560",,,"1,175","1,519","30,380","2,139",,"11,425","28,321","4,170","8,343","-1,271","-20,299","-7,771",2.25,0.92,,"99,024","13,191",,221,"112,436","14,052","34,200","92,289","163,988","141,070",1.51,1.44
PACE,18Jan2019,Mountain,N,"139,921","139,573","156,255","16,682","99,546","29,598",,,"1,288","4,176","19,381","2,266",,"9,194","28,257","3,617","7,666","-1,675","-19,196","-10,635",2.25,0.92,,"101,441","12,416",,170,"114,027","15,014","33,523","95,518","156,255","139,027",1.61,1.51
PACE,19Jan2019,Mountain,N,"137,781","133,938","150,345","16,407","90,813","21,961",,,"1,297","3,942","29,956","2,376",,"8,682","27,536","3,643","7,283","-2,242","-20,264","-7,692",2.25,0.92,,"92,542","9,141",,236,"101,919","14,914","31,087","85,745","150,345","133,399",1.49,1.42
PACE,20Jan2019,Mountain,N,"135,148","128,633","150,786","22,153","91,736","22,848",,,"1,280","2,855","30,052","2,015",,"7,596","37,182","3,825","9,083",-185,"-28,179","-6,648",2.25,0.92,,"93,608","9,515",,227,"103,350","18,872","38,169","84,053","150,786","128,112",1.51,1.45
PACE,21Jan2019,Mountain,N,"147,815","139,855","137,388","-2,467","86,235","21,419",,,"1,303",813,"26,173","1,445",,"5,154","29,180",-554,"5,196",-473,"-28,921","-11,506",2.26,0.92,,"88,400","8,966",,186,"97,552","23,124","28,436","92,240","137,388","139,312",1.57,1.46
PACE,22Jan2019,Mountain,N,"149,476","139,282","145,734","6,452","92,999","23,381",,,"1,287","4,587","21,994","1,486",,"8,123","31,436",153,"8,342","-1,949","-31,046","-8,057",2.26,0.92,,"95,237","9,774",,184,"105,195","21,012","33,043","93,164","145,734","138,732",1.59,1.48
PACE,23Jan2019,Mountain,N,"148,442","142,666","153,046","10,380","87,145","25,762",,,"1,242","5,010","32,069","1,818",,"7,360","31,665","3,031","7,431",-658,"-30,893","-7,013",2.25,0.92,,"88,874","10,714",,252,"99,840","19,572","31,401","88,011","153,046","142,123",1.44,1.37
PACE,24Jan2019,Mountain,N,"144,520","139,895","157,014","17,119","100,329","26,948",,,"1,217","5,608","20,592","2,320",,"10,853","30,731","3,681","8,012",-795,"-26,696","-8,126",2.25,0.92,,"102,305","11,229",,186,"113,720","19,081","37,250","95,551","157,014","139,354",1.60,1.51
PACE,25Jan2019,Mountain,N,"144,206","136,474","156,699","20,225","93,872","25,763",,,"1,190","5,026","28,498","2,350",,"10,396","33,922","4,553","10,228","-1,454","-31,390","-5,486",2.25,0.92,,"95,665","10,709",,232,"106,606","19,819","38,504","87,922","156,699","135,930",1.50,1.43
PACE,26Jan2019,Mountain,N,"137,943","131,063","148,837","17,774","87,816","23,491",,,"1,187","5,930","28,033","2,380",,"8,485","34,894","4,031","8,666","-1,849","-29,792","-6,119",2.25,0.92,,"89,522","9,816",,235,"99,574","19,635","36,142","83,067","148,837","130,521",1.47,1.40
PACE,27Jan2019,Mountain,N,"134,489","127,845","147,467","19,622","87,273","20,874",,,"1,197","4,460","31,271","2,392",,"8,335","34,055","5,662","8,898","-1,059","-30,301","-5,428",2.25,0.92,,"89,041","8,749",,247,"98,036","19,112","36,659","80,489","147,467","127,305",1.47,1.39
PACE,28Jan2019,Mountain,N,"146,231","135,557","150,215","14,658","99,696","21,748",,,"1,185","5,633","19,562","2,391",,"8,863","32,092","4,652","10,305","-1,791","-32,101","-6,826",2.25,0.92,,"101,819","9,099",,180,"111,099","21,261","38,764","93,596","150,215","135,021",1.63,1.53
PACE,29Jan2019,Mountain,N,"143,784","138,832","149,026","10,194","101,530","21,417",,,"1,166","3,315","19,707","1,891",,"7,361","29,817","3,929","8,840","-2,410","-30,225","-6,577",2.25,0.92,,"103,637","8,945",,164,"112,745","20,458","35,407","97,796","149,026","138,291",1.67,1.56
PACE,30Jan2019,Mountain,N,"141,867","138,879","153,947","15,068","93,933","23,490",,,"1,101","6,073","27,877","1,473",,"6,566","32,037","3,111","9,194","-2,414","-30,133","-2,752",2.25,0.92,,"96,044","9,795",,229,"106,068","18,030","34,201","89,897","153,947","138,338",1.52,1.43
PACE,31Jan2019,Mountain,N,"141,118","136,597","154,730","18,133","96,115","23,413",,,"1,070","5,913","26,739","1,480",,"10,788","29,034","3,428","9,748","-1,821","-31,245","-1,264",2.25,0.92,,"98,264","9,777",,221,"108,261","16,278","35,170","89,369","154,730","136,062",1.54,1.45
PACE,01Feb2019,Mountain,N,"141,044","132,851","153,999","21,148","93,677","26,783",,,"1,119","6,045","24,835","1,540",,"11,003","32,706","3,275","9,910","1,139","-31,500","-4,861",2.25,0.92,,"95,748","11,224",,210,"107,183","18,517","38,449","87,251","153,999","132,327",1.53,1.45
PACE,02Feb2019,Mountain,N,"135,199","127,572","147,271","19,699","85,184","27,151",,,"1,014","2,799","29,572","1,551",,"10,060","33,946","3,164","9,223",894,"-30,893","-6,181",2.25,0.93,,"86,995","11,402",,219,"98,616","19,591","36,827","81,379","147,271","127,058",1.48,1.41
PACE,03Feb2019,Mountain,N,"131,942","126,555","136,743","10,188","79,458","24,908",,,"1,107","3,870","25,930","1,470",,"7,640","32,958","3,907","5,111","3,022","-28,642","-13,277",2.25,0.93,,"80,995","10,480",,203,"91,678","22,746","33,892","80,531","136,743","126,024",1.48,1.41
PACE,04Feb2019,Mountain,N,"140,666","132,763","144,174","11,411","85,690","32,209",,,"1,234","4,049","19,513","1,479",,"8,293","39,405","1,145","4,990","6,407","-31,013","-17,282",2.24,0.92,,"87,161","13,492",,165,"100,818","26,101","40,063","86,856","144,174","132,229",1.54,1.45
PACE,05Feb2019,Mountain,N,"143,690","129,685","134,775","5,090","81,019","31,511",,,"1,396","3,233","16,192","1,424",,"6,320","42,757","-3,082","3,485","5,596","-30,950","-18,495",2.24,0.92,,"82,272","13,121",,140,"95,533","28,509","38,839","85,203","134,775","129,144",1.56,1.45
PACE,06Feb2019,Mountain,N,"147,549","137,113","133,232","-3,881","83,836","35,206",,,"1,523","2,770","8,457","1,440",,"5,845","40,969","-7,600","2,918","6,457","-30,552","-21,366",2.24,0.92,,"85,096","14,653",,89,"99,837","32,667","39,045","93,460","133,232","136,561",1.65,1.51
PACE,07Feb2019,Mountain,N,"150,459","132,977","142,818","9,841","82,915","31,220",,,"1,265","5,511","20,465","1,442",,"8,838","43,447","-8,348","8,561","4,803","-31,013","-15,904",2.24,0.92,,"84,197","13,000",,180,"97,377","28,731","41,784","84,324","142,818","132,434",1.50,1.40
PACE,08Feb2019,Mountain,N,"146,566","131,263","138,531","7,268","86,148","27,316",,,"1,142","5,790","16,677","1,458",,"9,487","44,058","-9,867","7,946","1,437","-31,336","-13,920",2.24,0.92,,"87,403","11,373",,157,"98,933","28,149","41,340","85,742","138,531","130,726",1.57,1.45
PACE,09Feb2019,Mountain,N,"137,925","129,178","136,362","7,184","91,721","23,411",,,"1,045","5,203","13,477","1,505",,"10,630","41,325","-7,964","8,530","2,617","-30,714","-16,701",2.24,0.92,,"93,177","9,793",,133,"103,103","29,437","43,664","88,876","136,362","128,639",1.67,1.52
PACE,10Feb2019,Mountain,N,"135,064","125,808","148,500","22,692","94,166","29,100",,,"1,070","6,212","16,461","1,491",,"14,839","52,267","-8,678","9,315","5,793","-30,501","-19,803",2.24,0.92,,"95,660","12,170",,158,"107,988","32,874","55,783","85,080","148,500","125,268",1.60,1.50
PACE,11Feb2019,Mountain,N,"147,559","132,653","156,681","24,028","90,246","26,932",,,976,"6,211","30,918","1,398",,"16,700","49,307","-8,540","8,734","4,344","-30,283","-15,690",2.24,0.92,,"91,713","11,283",,248,"103,244","28,919","49,588","82,575","156,681","132,109",1.45,1.38
PACE,12Feb2019,Mountain,N,"144,216","132,524","159,997","27,473","88,364","29,724",,,"1,031","5,449","33,953","1,476",,"14,374","46,246","-7,986","10,580","3,683","-29,282","-9,604",2.24,0.92,,"89,827","12,450",,263,"102,541","23,344","45,658","80,227","159,997","131,986",1.41,1.34
PACE,13Feb2019,Mountain,N,"142,953","130,888","153,810","22,922","81,592","32,738",,,"1,092","1,680","35,268","1,440",,"5,884","53,010","-5,964","7,739","4,226","-30,532","-10,919",2.25,0.92,,"83,095","13,728",,248,"97,070","25,312","43,134","79,248","153,810","130,366",1.39,1.34
PACE,14Feb2019,Mountain,N,"140,528","130,165","141,004","10,839","85,162","27,709",,,"1,148","1,150","24,383","1,452",,"3,345","48,635","-6,767","7,742","4,290","-29,434","-16,449",2.24,0.93,,"86,571","11,627",,176,"98,375","28,974","42,067","85,282","141,004","129,642",1.54,1.45
PACE,15Feb2019,Mountain,N,"139,463","129,325","143,142","13,817","76,646","30,047",,,"1,329","7,019","26,670","1,431",,"2,392","53,099","-6,758","8,206","3,790","-30,227","-16,148",2.24,0.92,,"77,798","12,551",,229,"90,577","29,050","41,389","78,239","143,142","128,788",1.40,1.34
PACE,16Feb2019,Mountain,N,"139,089","127,395","144,678","17,283","79,797","31,218",,,"1,412","5,908","24,949","1,394",,"8,845","51,030","-8,666","7,140","3,596","-28,741","-15,375",2.24,0.92,,"80,951","13,027",,211,"94,189","28,461","44,341","78,309","144,678","126,849",1.44,1.36
PACE,17Feb2019,Mountain,N,"137,505","124,391","137,892","13,501","93,167","31,544",,,"1,321","3,929","6,558","1,373",,"11,003","48,453","-9,102","10,461","3,445","-30,680","-19,531",2.24,0.92,,"94,744","13,208",,83,"108,034","34,242","52,971","89,305","137,892","123,843",1.73,1.59
PACE,18Feb2019,Mountain,N,"146,482","133,559","137,138","3,579","94,379","32,351",,,"1,325","2,904","4,885","1,294",,"10,017","43,355","-10,069","8,601","3,724","-31,465","-20,035",2.24,0.92,,"96,008","13,525",,65,"109,599","34,568","47,831","96,336","137,138","133,010",1.76,1.60
PACE,19Feb2019,Mountain,N,"146,936","139,015","137,278","-1,737","86,487","31,802",,,"1,205","5,684","10,804","1,296",,"10,648","31,789","-10,030","8,870","1,577","-28,062","-15,795",2.24,0.92,,"87,953","13,291",,119,"101,363","27,764","36,431","92,696","137,278","138,281",1.63,1.48
PACE,20Feb2019,Mountain,N,"146,672","135,222","148,322","13,100","89,341","30,526",,,"1,393","2,140","23,616","1,306",,"12,807","38,961","-8,413","12,221",-13,"-31,308","-10,611",2.24,0.92,,"90,913","12,788",,178,"103,880","26,304","42,401","87,783","148,322","134,678",1.54,1.44
PACE,21Feb2019,Mountain,N,"146,291","136,713","138,893","2,180","90,536","29,458",,,"1,091","2,051","14,476","1,281",,"15,382","29,997","-8,183","11,143",-404,"-31,598","-13,609",2.24,0.93,,"92,136","12,366",,119,"104,620","28,274","39,315","93,579","138,893","136,165",1.66,1.52
PACE,22Feb2019,Mountain,N,"145,679","137,896","132,672","-5,224","80,338","32,297",,,"1,064","4,944","12,748","1,281",,"14,200","24,080","-10,040","8,256","-1,466","-26,463","-13,244",2.24,0.92,,"81,525","13,528",,126,"95,179","25,313","31,149","89,343","132,672","137,349",1.58,1.43
PACE,23Feb2019,Mountain,N,"139,791","135,094","146,376","11,282","77,376","28,074",,,"1,089","7,811","30,688","1,338",,"9,119","30,761",761,"7,778","1,999","-27,580","-11,008",2.24,0.93,,"78,674","11,813",,257,"90,744","19,632","30,969","79,407","146,376","134,546",1.37,1.30
PACE,24Feb2019,Mountain,N,"133,550","128,661","148,283","19,622","79,536","30,612",,,"1,086","7,489","28,137","1,423",,"11,080","40,803","3,000","7,042","5,051","-31,327","-15,489",2.24,0.93,,"80,712","12,862",,239,"93,813","26,436","41,720","78,529","148,283","128,123",1.39,1.35
PACE,25Feb2019,Mountain,N,"139,946","132,937","152,555","19,618","87,081","28,470",,,"1,126","6,423","28,048","1,407",,"12,162","41,669","-2,656","8,118","4,337","-32,003","-11,480",2.24,0.92,,"88,571","11,937",,232,"100,740","25,241","42,164","83,817","152,555","132,408",1.46,1.40
PACE,26Feb2019,Mountain,N,"139,646","130,080","153,975","23,895","84,279","29,329",,,"1,229","6,623","31,183","1,332",,"10,260","46,230","-2,733","7,109","6,050","-31,735","-10,767",2.24,0.92,,"85,602","12,265",,253,"98,120","24,472","42,945","79,647","153,975","129,561",1.40,1.36
PACE,27Feb2019,Mountain,N,"137,797","133,166","152,850","19,684","93,730","29,471",,,"1,339","5,559","21,397","1,354",,"9,181","40,586",387,"6,603","6,231","-31,336","-11,456",2.24,0.92,,"95,220","12,325",,186,"107,730","23,007","42,357","88,380","152,850","132,654",1.55,1.47
PACE,28Feb2019,Mountain,N,"136,564","131,294","143,333","12,039","84,817","22,579",,,"1,384","5,555","27,661","1,337",,"7,400","37,461",-452,"3,942","6,910","-29,263","-13,442",2.24,0.92,,"86,100","9,404",,225,"95,729","23,069","36,159","82,639","143,333","130,777",1.47,1.39
PACE,01Mar2019,Mountain,N,"136,293","127,370","134,340","6,970","81,931","25,230",,,"1,481","5,605","18,747","1,346",,"3,747","40,433","-1,255","4,015","6,059","-30,357","-15,158",2.24,0.92,,"83,268","10,557",,170,"93,995","25,772","35,944","83,824","134,340","126,856",1.54,1.46
PACE,02Mar2019,Mountain,N,"132,923","123,337","116,885","-6,452","76,880","29,898",,,"2,016","1,487","5,303","1,301",,"3,886","36,390","-8,846","4,168","5,423","-31,116","-15,821",2.24,0.92,,"78,098","12,539",,63,"90,700","29,947","34,955","85,692","116,885","122,801",1.71,1.54
PACE,03Mar2019,Mountain,N,"132,734","124,027","103,677","-20,350","65,954","30,746",,,"2,051","2,951",608,"1,367",,957,"28,278","-4,358","-1,323","4,812","-29,303","-18,878",2.24,0.92,,"67,098","12,899",,44,"80,041","29,768","24,822","84,987","103,702","123,517",1.70,1.52
PACE,04Mar2019,Mountain,N,"139,286","130,213","122,105","-8,108","70,699","35,847",,,"1,968","5,450","6,732","1,409",,"4,620","28,748","-4,977","2,203","5,149","-31,112","-12,196",2.25,0.92,,"72,074","14,983",,98,"87,155","24,473","26,798","84,830","122,105","129,670",1.57,1.44
PACE,05Mar2019,Mountain,N,"137,513","128,908","124,510","-4,398","69,922","36,541",,,"1,978","3,738","10,896","1,435",,"7,820","25,582","-7,904","4,597","3,906","-30,156","-7,728",2.25,0.92,,"71,425","15,288",,113,"86,826","21,011","26,589","81,248","124,510","128,393",1.54,1.40
PACE,06Mar2019,Mountain,N,"135,817","130,778","127,712","-3,066","72,725","35,858",,,"2,026","1,179","14,484","1,440",,"7,330","24,415","-5,915","4,818","3,421","-26,316","-10,296",2.25,0.92,,"74,330","15,035",,120,"89,485","20,334","25,820","83,999","127,712","130,255",1.54,1.42
PACE,07Mar2019,Mountain,N,"134,134","128,535","137,055","8,520","72,113","30,490",,,"2,191","5,669","25,143","1,449",,"5,500","28,611",-654,"5,955","3,400","-27,925","-5,951",2.25,0.92,,"73,695","12,771",,216,"86,682","15,516","26,142","76,056","137,055","128,119",1.39,1.31
PACE,08Mar2019,Mountain,N,"135,901","131,483","124,141","-7,342","71,909","32,795",,,"2,535","4,048","11,415","1,439",,"5,355","23,386","-2,507","3,058","1,835","-27,721","-10,206",2.25,0.92,,"73,406","13,753",,122,"87,281","19,541","23,593","83,229","124,141","130,941",1.55,1.40
PACE,09Mar2019,Mountain,N,"131,702","126,254","136,037","9,783","74,742","30,941",,,"2,561","5,794","20,507","1,492",,"5,938","33,507","-2,679","5,321","2,936","-28,412","-6,288",2.25,0.93,,"76,237","13,022",,190,"89,449","17,375","29,737","77,087","136,037","125,714",1.45,1.35
PACE,10Mar2019,Mountain,N,"123,951","115,803","118,788","2,985","73,084","35,806",,,"2,302","3,854","2,301","1,441",,"7,439","26,482","-2,357","4,715","1,840","-27,358","-7,256",2.24,0.92,,"74,335","14,985",,62,"89,383","18,187","28,246","79,325","118,788","115,283",1.66,1.52
PACE,11Mar2019,Mountain,N,"137,197","124,310","131,033","6,723","80,729","36,239",,,"2,496","4,319","5,777","1,473",,"7,962","29,633","-6,065","9,730","2,386","-31,734","-4,646",2.24,0.92,,"82,027","15,094",,88,"97,209","20,241","33,660","83,789","131,033","123,767",1.64,1.49
PACE,12Mar2019,Mountain,N,"135,040","123,438","117,374","-6,064","61,026","33,651",,,"2,494","4,649","14,112","1,442",,"5,089","18,839","-1,924","7,002",799,"-25,217","-10,118",2.25,0.93,,"62,212","14,153",,142,"76,507","18,451","20,945","74,012","117,374","122,904",1.44,1.33
PACE,13Mar2019,Mountain,N,"137,130","127,372","115,360","-12,012","51,287","30,592",,,"2,383","3,803","26,238","1,057",,"2,841","14,835","-3,899","2,701",70,"-23,856","-4,159",2.25,0.93,,"52,319","12,856",,210,"65,385","14,995","14,769","65,611","115,360","126,827",1.25,1.14
PACE,14Mar2019,Mountain,N,"135,454","124,667","120,615","-4,052","57,355","36,754",,,"2,598","5,497","17,002","1,409",,"4,002","21,702","-4,466","4,428",308,"-26,841","-2,642",2.24,0.93,,"58,404","15,435",,166,"74,006","17,169","20,886","70,290","120,615","124,124",1.35,1.25
PACE,15Mar2019,Mountain,N,"134,481","123,010","130,094","7,084","63,370","33,837",,,"2,640","8,243","20,469","1,535",,"4,738","22,436","-3,441","6,372",523,"-25,088","2,088",2.24,0.92,,"64,378","14,167",,206,"78,751","12,976","22,717","69,011","130,094","122,466",1.33,1.24
PACE,16Mar2019,Mountain,N,"126,844","121,339","112,312","-9,027","61,848","31,539",,,"2,653","8,758","5,949","1,565",,"3,273","16,873","-4,080","4,728",-731,"-23,314","-5,234",2.24,0.92,,"62,825","13,200",,119,"76,144","16,062","17,677","74,529","112,312","120,797",1.49,1.36
PACE,17Mar2019,Mountain,N,"122,588","118,761","109,640","-9,121","60,034","33,140",,,"2,762","8,743","3,395","1,566",,"3,921","15,029","-2,405","4,888",-304,"-24,233","-5,485",2.24,0.92,,"61,036","13,874",,103,"75,013","16,272","17,529","73,755","109,648","118,237",1.51,1.38
PACE,18Mar2019,Mountain,N,"129,208","123,664","118,331","-5,333","68,047","36,145",,,"2,914","7,915","1,761","1,549",,"5,742","17,581","-3,968","7,152","-1,336","-27,878","-2,101",2.25,0.92,,"69,396","15,119",,89,"84,603","16,493","20,666","80,430","118,331","123,139",1.58,1.44
PACE,19Mar2019,Mountain,N,"128,632","124,718","123,771",-947,"69,081","34,325",,,"3,103","8,234","7,471","1,557",,"6,413","19,230","-2,597","9,955",101,"-30,454","-3,332",2.25,0.92,,"70,505","14,382",,128,"85,015","17,666","23,223","79,459","123,771","124,455",1.51,1.41
PACE,20Mar2019,Mountain,N,"128,317","124,946","126,942","1,996","72,079","35,027",,,"3,304","5,060","9,890","1,582",,"8,239","19,081","-1,402","10,096",374,"-31,288","-2,568",2.25,0.92,,"73,428","14,645",,124,"88,198","17,144","24,684","80,658","126,942","124,410",1.53,1.43
PACE,21Mar2019,Mountain,N,"128,867","126,019","119,972","-6,047","66,508","33,359",,,"3,331","3,762","11,436","1,576",,"3,709","16,804",985,"4,085",-555,"-25,372","-5,167",2.24,0.92,,"67,697","13,925",,126,"81,749","15,466","17,806","79,409","119,972","125,483",1.50,1.40
PACE,22Mar2019,Mountain,N,"129,295","126,407","103,905","-22,502","61,332","29,139",,,"3,354","4,354","4,186","1,540",,"-1,525","10,993",507,778,-284,"-19,330","-13,106",2.25,0.92,,"62,524","12,209",,84,"74,817","17,808","11,528","81,097","103,905","125,872",1.59,1.42
PACE,23Mar2019,Mountain,N,"122,416","119,541","108,226","-11,315","62,056","23,208",,,"3,462","5,185","12,746","1,569",,-279,"16,159",243,"3,393",820,"-25,277","-5,848",2.25,0.92,,"63,263","9,729",,144,"73,136","15,886","16,978","72,044","108,226","119,015",1.49,1.33
PACE,24Mar2019,Mountain,N,"120,730","117,682","103,532","-14,150","56,688","25,685",,,"3,556","7,710","8,360","1,533",,-395,"11,216",-348,"1,927",-592,"-19,945","-5,492",2.25,0.92,,"57,736","10,736",,133,"68,606","13,762","12,226","70,142","103,532","117,161",1.46,1.32
PACE,25Mar2019,Mountain,N,"127,385","123,898","117,554","-6,344","60,564","23,881",,,"3,528","8,368","19,657","1,556",,822,"13,576","1,640","4,000",777,"-23,958","-2,691",2.25,0.92,,"61,748","9,946",,208,"71,902","12,731","15,548","69,085","117,554","123,388",1.35,1.23
PACE,26Mar2019,Mountain,N,"127,296","123,272","112,564","-10,708","59,580","23,426",,,"3,968","6,198","17,851","1,541",,216,"12,189",552,"2,839","-1,975","-19,918","-4,135",2.25,0.92,,"60,869","9,804",,185,"70,859","12,591","12,397","71,053","112,564","122,796",1.39,1.28
PACE,27Mar2019,Mountain,N,"127,129","122,972","115,549","-7,423","68,389","23,601",,,"4,160","6,631","11,238","1,530",,607,"20,788",-915,"4,949",-700,"-24,136","-7,541",2.26,0.93,,"70,006","9,915",,148,"80,068","16,389","18,319","78,138","115,549","122,497",1.53,1.41
PACE,28Mar2019,Mountain,N,"127,642","122,254","102,421","-19,833","52,687","22,279",,,"4,023","7,488","14,426","1,518",,"-3,658","10,968",782,185,"-1,666","-20,824","-5,119",2.25,0.92,,"53,868","9,335",,172,"63,375","14,421","10,163","67,633","102,421","121,753",1.36,1.22
PACE,29Mar2019,Mountain,N,"127,927","124,982","99,432","-25,550","54,420","20,850",,,"4,092","6,913","11,691","1,466",,"-4,643","7,832",-14,"-1,025","-1,120","-19,359","-6,684",2.25,0.92,,"55,611","8,727",,152,"64,489","14,697","7,505","71,681","99,432","124,445",1.43,1.27
PACE,30Mar2019,Mountain,N,"120,886","118,049","94,395","-23,654","58,876","19,932",,,"4,090","7,485","2,444","1,568",,"-1,349","12,965",-637,780,"-1,192","-24,767","-8,917",2.25,0.92,,"60,096","8,340",,98,"68,533","18,739","12,510","74,762","94,395","117,512",1.60,1.40
PACE,31Mar2019,Mountain,N,"118,561","115,386","96,170","-19,216","58,165","21,122",,,"4,074","8,601","2,634","1,574",,"-1,012","13,427",136,"2,029",-928,"-22,991","-9,343",2.25,0.92,,"59,387","8,835",,106,"68,328","18,011","12,906","73,433","96,170","114,852",1.57,1.41
PACE,01Apr2019,Mountain,N,"125,735","121,992","111,090","-10,902","63,972","23,788",,,"2,071","8,056","11,644","1,559",,580,"19,238",811,"5,276",-674,"-27,808","-7,817",2.26,0.92,,"65,490","9,968",,146,"75,605","18,747","17,569","76,783","111,090","121,484",1.50,1.39
PACE,02Apr2019,Mountain,N,"126,770","123,136","96,025","-27,111","61,940","22,190",,,"1,281","3,830","5,303","1,481",,-419,"14,474",139,"1,510","-2,079","-28,345","-11,894",2.25,0.92,,"63,303","9,288",,75,"72,666","23,376","12,931","83,111","96,025","122,639",1.67,1.49
PACE,03Apr2019,Mountain,N,"125,691","123,203","100,543","-22,660","59,133","21,784",,,"2,285","6,102","9,719","1,520",,-209,"9,985",953,"2,098","-1,738","-22,272","-10,953",2.25,0.92,,"60,443","9,123",,123,"69,689","17,430","9,298","77,821","100,543","122,679",1.53,1.40
PACE,04Apr2019,Mountain,N,"125,231","121,607","110,374","-11,233","58,085","22,130",,,"3,996","6,115","18,502","1,546",,415,"13,541","1,637","4,366","-1,553","-24,276","-4,868",2.25,0.92,,"59,208","9,220",,189,"68,617","14,544","13,057","70,104","110,374","121,112",1.37,1.28
PACE,05Apr2019,Mountain,N,"124,221","120,248","102,073","-18,175","57,251","23,937",,,"4,314","5,594","9,403","1,574",,-959,"9,357","1,570","2,576","-1,521","-18,767","-9,931",2.25,0.92,,"58,471","10,015",,131,"68,617","15,304","9,955","73,966","102,073","119,748",1.48,1.36
PACE,06Apr2019,Mountain,N,"119,176","116,640","106,118","-10,522","51,965","18,117",,,"4,330","6,287","23,851","1,568",,-273,"12,006","1,255","4,436","-1,408","-21,467","-4,564",2.24,0.92,,"52,905","7,577",,226,"60,707","13,571","13,033","61,245","106,118","116,133",1.26,1.16
PACE,07Apr2019,Mountain,N,"115,500","115,735","110,617","-5,118","49,485","14,585",,,"4,496","8,956","31,566","1,529",,920,"11,068","1,303","6,202","-1,525","-19,152","-3,723",2.24,0.92,,"50,353","6,096",,292,"56,740","11,164","12,398","55,506","110,617","115,524",1.13,1.06
PACE,08Apr2019,Mountain,N,"123,191","123,093","127,502","4,409","64,194","20,594",,,"4,881","8,023","28,223","1,587",,"3,400","16,856","2,246","9,730",-912,"-25,897",-826,2.24,0.92,,"65,325","8,586",,268,"74,179","12,068","18,525","67,721","127,502","122,905",1.28,1.21
PACE,09Apr2019,Mountain,N,"126,987","122,704","100,932","-21,772","51,973","14,865",,,"5,030","6,175","21,352","1,537",,395,"-3,451",937,"4,308","-1,879","-17,776","-4,072",2.25,0.92,,"53,033","6,197",,214,"59,444","9,664","6,357","62,752","100,932","122,470",1.30,1.13
PACE,10Apr2019,Mountain,N,"129,446","127,102","91,821","-35,281","50,750","14,035",,,"5,105","3,638","16,845","1,448",,"-2,500","-6,789",409,508,"-3,612","-16,279","-6,752",2.25,0.92,,"51,875","5,866",,170,"57,911","12,531","3,483","66,959","91,821","126,836",1.39,1.16
PACE,11Apr2019,Mountain,N,"129,411","126,337","110,545","-15,792","64,074","19,325",,,"5,432","6,157","14,024","1,533",,696,"2,050","1,583","5,065","-3,153","-19,754","-2,014",2.25,0.92,,"65,416","8,084",,170,"73,670","9,945","7,440","76,175","110,545","126,072",1.47,1.33
PACE,12Apr2019,Mountain,N,"127,608","123,610","102,139","-21,471","68,745","15,576",,,"5,708","5,409","5,154","1,547",,"1,240",70,"1,036","3,766","-4,434","-20,147","-2,737",2.25,0.92,,"70,068","6,500",,112,"76,680","12,539","7,368","81,851","102,139","123,345",1.66,1.46
PACE,13Apr2019,Mountain,N,"120,438","116,243","101,804","-14,439","63,804","9,700",,,"5,890","9,073","11,788","1,549",,"3,483","2,105","1,108","4,406","-5,123","-19,903",-256,2.25,0.92,,"65,107","4,053",,177,"69,338","12,148","11,096","70,390","101,804","115,984",1.50,1.34
PACE,14Apr2019,Mountain,N,"117,266","114,801","107,371","-7,430","50,266","9,036",,,"5,821","7,282","33,407","1,559",,"1,935","3,761","1,254","3,285",-988,"-15,387","-1,056",2.25,0.92,,"51,282","3,779",,301,"55,363","7,524","8,527","54,361","107,371","114,567",1.14,1.05
PACE,15Apr2019,Mountain,N,"126,183","122,297","111,599","-10,698","65,073","12,367",,,"5,940","7,424","19,237","1,558",,"1,640","9,697","2,578","4,721","-2,711","-20,578","-5,857",2.25,0.92,,"66,491","5,182",,214,"71,887","13,476","12,735","72,628","111,599","122,109",1.42,1.31
PACE,16Apr2019,Mountain,N,"126,849","123,708","110,168","-13,540","65,002","17,552",,,"6,328","1,570","18,144","1,572",,"1,508","2,932","2,995","3,809","-2,215","-19,017","-3,298",2.25,0.92,,"66,401","7,348",,173,"73,921","10,160","8,112","75,970","110,168","123,454",1.48,1.36
PACE,17Apr2019,Mountain,N,"124,763","118,473","98,835","-19,638","43,568","19,729",,,"6,145","9,394","18,418","1,581",,"1,177","-2,396","2,337","3,878","-3,654","-15,410","-5,312",2.25,0.92,,"44,542","8,251",,223,"53,016","9,680","5,818","56,878","98,835","118,215",1.18,1.06
PACE,18Apr2019,Mountain,N,"125,060","120,089","112,687","-7,402","55,433","22,970",,,"6,362","9,999","16,322","1,601",,"1,967","3,938","3,613","6,352","-4,283","-14,559","-4,186",2.26,0.92,,"56,717","9,631",,215,"66,562","9,595","10,181","65,976","112,687","119,845",1.30,1.21
PACE,19Apr2019,Mountain,N,"124,103","112,357","108,945","-3,412","54,227","23,035",,,"6,242","9,460","14,361","1,620",,"3,416","2,846","3,116","6,619","-4,202","-16,192","1,213",2.25,0.92,,"55,239","9,616",,199,"65,054","8,101","10,875","62,280","108,945","112,129",1.32,1.22
PACE,20Apr2019,Mountain,N,"119,261","108,303","88,401","-19,902","37,117","19,790",,,"5,925","6,969","16,986","1,614",,-861,"-2,268",961,964,"-3,037","-11,896","-3,548",2.25,0.92,,"37,864","8,278",,198,"46,340","8,605","2,781","52,164","88,401","108,086",1.16,1.06
PACE,21Apr2019,Mountain,N,"115,539","106,272","76,934","-29,338","34,883","19,786",,,"6,151","5,509","8,964","1,641",,"-2,886","-6,563",198,-566,"-2,633","-11,106","-5,536",2.25,0.93,,"35,575","8,305",,140,"44,019","8,733","1,453","51,300","76,934","106,026",1.26,1.07
PACE,22Apr2019,Mountain,N,"125,253","115,646","88,565","-27,081","47,938","21,803",,,"5,376","5,503","6,346","1,599",,"-1,321","-5,109",538,"1,075","-5,051","-14,101","-2,858",2.25,0.92,,"48,838","9,102",,118,"58,058","9,505","3,730","63,832","88,565","115,392",1.45,1.22
PACE,23Apr2019,Mountain,N,"124,495","116,495","101,870","-14,625","57,184","22,319",,,"5,038","9,404","6,320","1,605",,"3,063","-1,568","3,241","4,405","-5,229","-16,897","-1,395",2.24,0.92,,"58,197","9,307",,140,"67,645","8,531","8,396","67,780","101,870","116,250",1.46,1.29
PACE,24Apr2019,Mountain,N,"125,073","116,044","113,056","-2,988","58,846","22,872",,,"4,932","9,761","15,148","1,497",,"4,409","2,275","4,654","4,204","-3,893","-14,804",399,2.25,0.92,,"59,955","9,526",,197,"69,678","6,518","10,619","65,577","113,056","115,812",1.36,1.25
PACE,25Apr2019,Mountain,N,"126,609","118,924","112,020","-6,904","68,033","23,586",,,"4,934","7,185","6,695","1,587",,"5,987","3,265","4,340","5,621","-4,961","-18,673","-2,279",2.25,0.92,,"69,388","9,869",,128,"79,385","10,539","13,162","76,763","112,020","118,720",1.56,1.43
PACE,26Apr2019,Mountain,N,"124,994","117,691","112,580","-5,111","52,619","19,698",,,"5,127","7,694","25,813","1,629",,"4,210",-495,"6,585","4,113","-2,839","-16,173",-312,2.25,0.92,,"53,602","8,246",,253,"62,101","7,327","10,085","59,343","112,580","117,491",1.22,1.11
PACE,27Apr2019,Mountain,N,"117,989","112,152","96,701","-15,451","39,945","16,102",,,"5,341","9,415","24,272","1,626",,"2,382","-8,043","4,262","2,110","-3,775","-11,067","-1,094",2.24,0.92,,"40,662","6,740",,255,"47,657","4,974","4,438","48,194","96,701","111,926",1.09,0.95
PACE,28Apr2019,Mountain,N,"116,044","109,363","107,417","-1,946","45,009","20,903",,,"5,339","8,159","26,390","1,617",,"4,328","-1,583","2,926","4,095","-2,377","-11,257","2,148",2.24,0.92,,"45,830","8,758",,260,"54,848","4,493","8,836","50,504","107,417","109,137",1.13,1.02
PACE,29Apr2019,Mountain,N,"125,033","120,012","100,957","-19,055","53,690","24,146",,,"5,514","3,796","12,320","1,491",,"4,053","-5,157","1,549","1,940","-4,391","-14,527","-2,271",2.25,0.92,,"54,719","10,089",,145,"64,953","7,219","5,279","66,894","100,957","119,761",1.42,1.23
PACE,30Apr2019,Mountain,N,"126,122","119,913","100,496","-19,417","49,798","25,458",,,"5,557","6,406","11,756","1,521",,"2,607","1,361",-337,839,"-3,444","-14,564","-5,550",2.25,0.92,,"50,818","10,609",,158,"61,586","9,960","5,547","65,999","100,496","119,584",1.35,1.22
PACE,01May2019,Mountain,N,"126,749","120,045","100,547","-19,498","49,341","24,502",,,"5,603","9,911","9,633","1,557",,"2,569","-1,319","2,194","2,091","-5,224","-11,767","-7,577",2.25,0.92,,"50,390","10,203",,167,"60,760","9,696","5,268","65,189","100,547","119,580",1.33,1.20
PACE,02May2019,Mountain,N,"124,478","120,159","106,677","-13,482","46,007","23,283",,,"5,590","10,006","20,226","1,565",,"1,724","-4,597","2,647","1,741","-4,279","-7,956","-2,297",2.26,0.92,,"47,063","9,720",,234,"57,018","4,305","3,390","57,933","106,677","119,694",1.18,1.07
PACE,03May2019,Mountain,N,"122,354","117,416","112,600","-4,816","56,708","25,931",,,"5,510","8,850","13,978","1,623",,"3,378","1,465","2,245","3,671","-4,946","-11,024",844,2.25,0.92,,"57,985","10,826",,188,"68,999","4,313","7,826","65,486","112,600","116,967",1.35,1.23
PACE,04May2019,Mountain,N,"118,125","112,578","107,224","-5,354","51,884","25,503",,,"5,454","9,017","13,749","1,617",,"2,404","3,474","1,509","2,437","-3,676","-9,632","-1,440",2.25,0.92,,"53,068","10,644",,187,"63,899","6,148","8,947","61,101","107,224","112,148",1.31,1.20
PACE,05May2019,Mountain,N,"116,666","111,961","104,988","-6,973","49,222","24,359",,,"5,412","9,262","15,125","1,608",,"2,219","4,285","1,199","1,600","-2,152","-11,865","-1,839",2.25,0.92,,"50,346","10,200",,197,"60,743","6,344","8,300","58,787","104,988","111,541",1.28,1.16
PACE,06May2019,Mountain,N,"125,224","121,157","116,998","-4,159","66,398","27,238",,,"5,105","8,941","7,724","1,592",,"3,113","9,783","2,554","1,990","-2,589","-17,347","-1,235",2.25,0.92,,"67,879","11,385",,147,"79,410","8,782","13,760","74,432","116,998","120,729",1.50,1.36
PACE,07May2019,Mountain,N,"126,176","120,223","108,985","-11,238","62,502","25,093",,,"5,029","6,331","8,407","1,623",,"1,399","7,972","1,319",668,"-4,181","-14,244","-3,728",2.25,0.92,,"63,823","10,488",,134,"74,445","10,926","10,184","75,187","108,985","119,780",1.51,1.38
PACE,08May2019,Mountain,N,"125,776","120,371","119,653",-718,"59,965","28,115",,,"5,078","6,487","18,417","1,591",,"2,423","14,757","2,010","2,187","-4,142","-13,753","-3,726",2.25,0.92,,"61,224","11,779",,198,"73,201","9,252","12,734","69,719","119,653","119,897",1.35,1.28
PACE,09May2019,Mountain,N,"125,548","121,843","113,407","-8,436","64,135","26,452",,,"5,038","5,647","10,546","1,589",,"3,288","6,639","4,060","2,937","-5,870","-13,851","-5,166",2.25,0.92,,"65,536","11,074",,143,"76,753","11,963","12,378","76,339","113,407","121,370",1.49,1.39
PACE,10May2019,Mountain,N,"124,617","121,430","112,181","-9,249","65,817","29,164",,,"4,952","5,735","4,895","1,618",,"4,979","11,766","3,778","3,508","-7,145","-18,107","-7,546",2.25,0.92,,"67,126","12,175",,108,"79,409","15,119","15,929","78,598","112,181","120,948",1.56,1.43
PACE,11May2019,Mountain,N,"118,257","114,094","108,005","-6,089","52,786","26,893",,,"4,922","10,038","11,730","1,636",,"7,700","3,417","1,467","1,189","-5,917","-10,103","-3,390",2.24,0.92,,"53,749","11,235",,178,"65,162","9,840","10,460","64,542","108,005","113,642",1.33,1.25
PACE,12May2019,Mountain,N,"116,612","112,030","104,800","-7,230","49,763","25,528",,,"4,931","10,502","12,448","1,628",,"8,318","-1,813",-125,"1,098","-6,690","-8,297",708,2.25,0.92,,"50,692","10,658",,185,"61,535","6,641","9,106","59,071","104,800","111,601",1.29,1.17
PACE,13May2019,Mountain,N,"129,736","127,171","110,250","-16,921","54,572","28,772",,,"4,894","10,015","10,400","1,597",,"7,513","-1,289",658,982,"-7,419","-9,253","-10,076",2.25,0.92,,"55,700","12,010",,169,"67,879","12,991","7,706","73,163","110,250","129,134",1.36,1.25
PACE,14May2019,Mountain,N,"133,378","128,254","112,050","-16,204","59,883","26,712",,,"4,880","9,264","9,713","1,598",,"6,186","-2,313",-207,"1,325","-6,156","-8,386","-9,929",2.25,0.92,,"61,036","11,160",,160,"72,355","12,274","5,900","78,729","112,050","131,530",1.42,1.32
PACE,15May2019,Mountain,N,"136,438","129,285","123,622","-5,663","70,036","29,323",,,"4,854","6,967","10,874","1,568",,"6,445","7,880","1,723","4,642","-5,431","-14,684","-8,231",2.25,0.92,,"71,332","12,248",,152,"83,733","12,889","13,983","82,638","123,622","131,278",1.49,1.39
PACE,16May2019,Mountain,N,"131,113","125,465","119,333","-6,132","65,785","24,961",,,"4,961","6,178","15,890","1,558",,"7,319","5,196","1,175","1,491","-4,207","-11,427","-9,007",2.25,0.92,,"67,138","10,446",,179,"77,763","10,602","10,624","77,742","119,333","128,793",1.44,1.33
PACE,17May2019,Mountain,N,"125,910","122,567","102,840","-19,727","44,615","24,064",,,"5,375","6,500","20,774","1,512",,"2,470","-5,651","1,103",-872,"-3,621","-8,214","-4,455",2.26,0.92,,"45,671","10,076",,214,"55,962","5,575","3,279","58,257","102,840","122,080",1.20,1.05
PACE,18May2019,Mountain,N,"119,664","117,562","96,982","-20,580","43,669","22,272",,,"5,469","8,959","14,974","1,639",,"1,356","-6,229","1,562",364,"-3,973","-8,204","-5,180",2.26,0.92,,"44,724","9,323",,195,"54,242","6,098","3,640","56,700","96,982","117,286",1.23,1.07
PACE,19May2019,Mountain,N,"115,689","117,027","95,728","-21,299","51,455","22,228",,,"5,687","3,741","11,001","1,616",,"2,760","-6,239",-38,-98,"-3,653","-10,959","-2,602",2.26,0.92,,"52,692","9,305",,138,"62,136","5,606","3,695","64,047","95,728","116,557",1.43,1.21
PACE,20May2019,Mountain,N,"126,011","121,978","99,120","-22,858","48,499","20,972",,,"5,832","5,915","16,327","1,575",,-344,"-3,649",-533,"-2,672","-1,903","-8,159","-5,114",2.26,0.92,,"49,702","8,796",,186,"58,683","6,565","1,924","63,325","99,120","121,494",1.31,1.15
PACE,21May2019,Mountain,N,"128,196","120,523","83,264","-37,259","45,141","21,334",,,"5,989","4,275","4,924","1,601",,"-1,219","-8,549",-171,"-3,133","-6,217","-11,003","-6,460",2.26,0.93,,"46,235","8,956",,105,"55,296","9,492","1,184","63,604","83,264","120,016",1.46,1.17
PACE,22May2019,Mountain,N,"125,685","118,057","91,252","-26,805","43,242","21,984",,,"5,818","6,012","12,953","1,243",,"1,889","-6,576",884,-790,"-6,840","-11,946","-2,941",2.25,0.92,,"44,230","9,205",,163,"53,598","8,284","2,410","59,472","91,252","117,572",1.29,1.12
PACE,23May2019,Mountain,N,"126,355","119,694","109,635","-10,059","55,302","26,930",,,"5,760","4,680","15,421","1,542",,"4,350","-1,027","3,304","2,059","-5,033","-14,364","1,138",2.26,0.92,,"56,605","11,282",,172,"68,059","6,371","7,235","67,194","109,635","119,208",1.37,1.24
PACE,24May2019,Mountain,N,"124,658","118,864","100,909","-17,955","36,950","23,846",,,"5,840","6,134","26,546","1,593",,"1,680","-8,948","1,832",-641,"-2,646","-7,908",-856,2.26,0.92,,"37,804","9,980",,252,"48,036","4,442","3,376","49,102","100,909","118,396",1.05,0.91
PACE,25May2019,Mountain,N,"117,161","112,500","81,272","-31,228","36,344","19,244",,,"6,547","9,386","8,158","1,593",,869,"-11,474",-288,-948,"-4,666","-6,017","-8,258",2.26,0.92,,"37,204","8,052",,161,"45,417","8,005","1,597","51,825","81,272","112,054",1.23,1.02
PACE,26May2019,Mountain,N,"113,403","108,470","78,774","-29,696","33,120","19,129",,,"6,516","8,462","9,948","1,599",,"1,544","-11,317",-423,-368,"-5,459","-6,037","-7,196",2.26,0.92,,"33,956","8,023",,166,"42,146","7,165","1,376","47,934","78,774","108,030",1.18,0.98
PACE,27May2019,Mountain,N,"115,540","110,748","78,308","-32,440","38,068","19,714",,,"6,614","4,605","7,699","1,608",,-292,"-8,483","-1,730","-2,526","-3,588","-7,252","-8,085",2.26,0.93,,"39,001","8,278",,129,"47,407","8,758","1,022","55,143","78,308","110,264",1.33,1.10
PACE,28May2019,Mountain,N,"124,439","119,308","82,122","-37,186","39,914","21,482",,,"6,125","5,249","7,741","1,611",,"-1,373","-11,340",-769,"-3,261","-4,322","-7,510","-8,145",2.26,0.92,,"40,900","8,997",,130,"50,027","9,597","1,085","58,539","82,122","118,842",1.34,1.09
PACE,29May2019,Mountain,N,"123,549","118,356","90,794","-27,562","47,801","22,865",,,"6,285","8,755","3,472","1,616",,"1,161","-6,826",154,-986,"-5,848","-9,523","-5,235",2.26,0.92,,"48,965","9,580",,126,"58,670","8,581","3,533","63,718","90,794","117,897",1.42,1.19
PACE,30May2019,Mountain,N,"125,577","121,531","96,056","-25,475","53,659","24,799",,,"6,223","6,989","2,803","1,583",,"1,595","-6,772",903,-316,"-6,446","-9,874","-4,347",2.25,0.92,,"54,813","10,377",,110,"65,300","8,809","3,888","70,221","96,056","121,313",1.50,1.28
PACE,31May2019,Mountain,N,"126,830","122,427","102,895","-19,532","57,475","23,543",,,"5,794","7,832","6,639","1,612",,"2,569","-4,123","1,476",663,"-3,968","-11,749","-3,938",2.25,0.92,,"58,611","9,856",,137,"68,604","7,899","5,531","70,973","102,895","121,965",1.47,1.28
PACE,01Jun2019,Mountain,N,"122,561","119,152","94,121","-25,031","53,056","22,869",,,"5,843","8,776","2,013","1,564",,604,"-7,481",558,-342,"-3,309","-8,104","-6,496",2.25,0.92,,"54,071","9,566",,114,"63,751","7,827","2,569","69,010","94,121","118,691",1.49,1.28
PACE,02Jun2019,Mountain,N,"121,289","116,322","92,273","-24,049","48,357","23,046",,,"5,801","8,765","4,815","1,489",,"1,619","-8,373",234,-553,"-2,290","-8,119","-6,104",2.25,0.92,,"49,286","9,631",,131,"59,048","6,938","3,175","62,811","92,273","115,859",1.41,1.20
PACE,03Jun2019,Mountain,N,"133,002","129,026","97,601","-31,425","50,279","22,826",,,"5,665","9,388","7,988","1,455",,382,"-9,313",491,"-2,148","-4,452","-10,484","-5,443",2.25,0.92,,"51,272","9,546",,154,"60,971","8,700","2,713","66,959","97,601","128,568",1.38,1.15
PACE,04Jun2019,Mountain,N,"134,149","134,454","103,090","-31,364","53,945","23,654",,,"5,585","10,461","8,023","1,422",,-325,"-8,117",379,"-1,501","-3,674","-9,784","-7,911",2.25,0.92,,"55,006","9,887",,160,"65,052","9,670","2,004","72,718","103,090","134,023",1.39,1.20
PACE,05Jun2019,Mountain,N,"138,823","132,904","117,029","-15,875","66,895","27,616",,,"5,501","10,169","5,431","1,417",,"3,007","1,188","1,221","1,607","-4,004","-15,486","-2,995",2.25,0.92,,"68,185","11,518",,141,"79,844","8,441","7,168","81,116","117,029","132,491",1.50,1.35
PACE,06Jun2019,Mountain,N,"144,779","130,387","111,257","-19,130","59,911","24,688",,,"5,422","8,928","10,884","1,424",,"3,728","-3,303","2,505","2,511","-3,733","-19,763",-687,2.25,0.92,,"61,043","10,303",,167,"71,514","9,674","7,208","73,980","111,257","129,999",1.42,1.25
PACE,07Jun2019,Mountain,N,"134,959","128,533","107,565","-20,968","47,573","24,881",,,"5,526","8,231","19,921","1,433",,"2,103","-7,674","1,545",545,"-2,657","-13,147","-1,288",2.24,0.92,,"48,423","10,381",,220,"59,025","6,739","4,120","61,645","107,611","128,184",1.21,1.06
PACE,08Jun2019,Mountain,N,"118,892","113,934","93,743","-20,191","35,795","22,736",,,"5,712","10,496","17,469","1,535",,"2,258","-4,654",918,807,"-1,056","-12,789","-5,175",2.25,0.92,,"36,455","9,528",,221,"46,204","7,323","3,199","50,328","93,743","113,434",1.09,0.98
PACE,09Jun2019,Mountain,N,"115,677","109,165","96,501","-12,664","50,788","22,330",,,"5,766","10,432","5,666","1,519",,"4,969","5,202","1,005",387,"-1,113","-13,398","-9,248",2.25,0.92,,"51,735","9,359",,147,"61,240","10,157","9,056","62,342","96,501","108,697",1.40,1.26
PACE,10Jun2019,Mountain,N,"130,790","122,955","127,623","4,668","78,479","24,654",,,"5,975","10,334","6,696","1,485",,"11,311","13,601","3,134","5,235",952,"-21,707","-7,416",2.24,0.92,,"79,886","10,303",,154,"90,343","11,688","22,109","79,922","127,623","122,513",1.56,1.44
PACE,11Jun2019,Mountain,N,"135,390","124,766","133,044","8,278","80,230","25,612",,,"6,277","10,781","8,677","1,467",,"12,643","20,166","4,717","5,667","1,880","-25,336","-11,047",2.25,0.92,,"81,716","10,722",,171,"92,609","15,727","28,643","79,693","133,044","124,354",1.53,1.41
PACE,12Jun2019,Mountain,N,"142,008","140,655","143,222","2,567","95,191","27,631",,,"6,122","9,453","3,364","1,461",,"12,024","27,756","3,804","5,953",655,"-29,610","-17,517",2.24,0.92,,"96,764","11,558",,128,"108,450","22,409","34,705","96,153","143,222","140,157",1.67,1.51
PACE,13Jun2019,Mountain,N,"147,927","140,763","130,769","-9,994","78,511","26,666",,,"5,963","9,570","8,601","1,458",,"7,652","13,737","3,004","2,317",-887,"-20,238","-15,206",2.24,0.92,,"79,820","11,163",,161,"91,144","15,670","18,010","88,804","130,769","140,390",1.54,1.39
PACE,14Jun2019,Mountain,N,"143,193","137,649","117,050","-20,599","64,932","23,796",,,"5,881","7,711","13,255","1,475",,"6,692","3,647",919,"-1,187","-1,652","-16,724","-11,868",2.24,0.92,,"66,009","9,972",,178,"76,159","12,988","8,052","81,095","117,050","137,223",1.43,1.30
PACE,15Jun2019,Mountain,N,"137,062","136,443","125,754","-10,689","75,572","25,520",,,"5,778","9,950","7,458","1,476",,"6,903","8,953","1,300","2,113",-604,"-17,425","-11,516",2.24,0.92,,"76,767","10,652",,155,"87,574","12,889","13,150","87,314","125,754","136,030",1.54,1.42
PACE,16Jun2019,Mountain,N,"135,035","130,087","114,656","-15,431","72,108","24,642",,,"5,748","5,219","5,458","1,481",,"7,732","7,755",748,411,-244,"-16,661","-14,743",2.24,0.92,,"73,275","10,273",,112,"83,660","15,537","12,789","86,407","114,656","129,658",1.61,1.47
PACE,17Jun2019,Mountain,N,"144,308","138,739","119,292","-19,447","76,279","27,218",,,"5,643","5,704","2,979","1,469",,"6,719","10,974","1,416",610,"-2,495","-21,320","-14,916",2.25,0.92,,"77,745","11,355",,99,"89,199","18,317","14,221","93,295","119,292","138,304",1.65,1.49
PACE,18Jun2019,Mountain,N,"143,132","141,897","135,621","-6,276","85,107","27,980",,,"5,488","9,817","5,711","1,518",,"3,811","16,090","3,419","5,811","-2,867","-23,918","-8,246",2.25,0.92,,"86,806","11,675",,141,"98,622","15,357","19,681","94,298","135,621","141,521",1.60,1.47
PACE,19Jun2019,Mountain,N,"144,436","144,657","137,674","-6,983","69,971","26,178",,,"5,399","10,658","23,640","1,828",,"1,010","6,922","4,182","4,805","-3,484","-17,042","-2,998",2.25,0.92,,"71,357","10,931",,260,"82,549","9,152","10,230","81,471","137,674","144,279",1.32,1.24
PACE,20Jun2019,Mountain,N,"138,637","137,587","118,660","-18,927","58,014","24,943",,,"5,355","8,277","19,611","2,460",,-87,"1,367","2,688","1,962","-3,337","-13,805","-7,342",2.25,0.92,,"59,195","10,418",,224,"69,837","11,113","5,716","75,234","118,660","137,214",1.30,1.21
PACE,21Jun2019,Mountain,N,"130,000","129,604","105,649","-23,955","53,296","23,634",,,"5,265","9,168","11,736","2,550",,"-1,414","2,187","2,008","1,210","-3,463","-12,937","-11,062",2.25,0.92,,"54,380","9,901",,180,"64,461","12,907","5,790","71,579","105,649","129,120",1.35,1.22
PACE,22Jun2019,Mountain,N,"123,040","123,169","94,792","-28,377","52,682","20,215",,,"5,307","10,006","4,018","2,564",,"-2,187",-980,"1,498",-81,"-3,900","-11,790","-10,443",2.25,0.92,,"53,700","8,441",,137,"62,278","12,906","3,430","71,754","94,792","122,675",1.45,1.29
PACE,23Jun2019,Mountain,N,"121,678","122,624","104,454","-18,170","52,375","20,827",,,"5,282","10,716","12,728","2,526",,"-1,565","1,017","2,034","2,106","-2,420","-12,583","-6,300",2.25,0.92,,"53,401","8,699",,196,"62,296","9,265","5,467","66,094","104,454","122,165",1.31,1.19
PACE,24Jun2019,Mountain,N,"139,515","139,876","129,376","-10,500","65,766","24,836",,,"5,234","9,995","21,755","1,790",,"2,388","9,813","1,880","1,889","-1,575","-16,777","-7,737",2.25,0.92,,"67,166","10,381",,243,"77,790","10,886","10,017","78,659","129,376","139,495",1.33,1.24
PACE,25Jun2019,Mountain,N,"145,874","144,322","134,489","-9,833","83,389","26,434",,,"5,006","8,930","9,454","1,276",,"4,377","16,951",992,"4,036",-837,"-26,155","-8,835",2.25,0.92,,"85,135","11,058",,155,"96,347","16,589","17,812","95,125","134,489","143,960",1.58,1.46
PACE,26Jun2019,Mountain,N,"150,621","150,569","130,234","-20,335","77,582","28,546",,,"4,966","10,798","7,115","1,227",,80,"15,971","1,802","3,641","-1,081","-25,692","-14,668",2.25,0.92,,"79,216","11,945",,151,"91,312","20,078","14,969","96,422","130,234","150,181",1.55,1.42
PACE,27Jun2019,Mountain,N,"152,651","152,528","118,841","-33,687","62,146","29,404",,,"4,341","10,457","10,983","1,510",,-752,"9,539",-57,"2,074","-2,805","-22,566","-18,740",2.25,0.92,,"63,473","12,304",,171,"75,948","22,732","8,506","90,174","118,841","152,148",1.41,1.31
PACE,28Jun2019,Mountain,N,"156,218","154,791","126,548","-28,243","72,057","29,366",,,"4,417","11,012","7,827","1,869",,"1,142","12,344",104,"4,601","-2,330","-27,058","-16,678",2.25,0.92,,"73,525","12,251",,158,"85,934","23,509","12,187","97,257","126,548","154,423",1.50,1.39
PACE,29Jun2019,Mountain,N,"151,205","149,275","131,556","-17,719","77,324","29,840",,,"4,663","6,852","10,936","1,941",,"2,471","13,206","1,074","4,630","-2,342","-26,432","-9,955",2.25,0.92,,"78,853","12,450",,153,"91,455","18,797","13,978","96,274","131,556","148,904",1.53,1.43
PACE,30Jun2019,Mountain,N,"149,338","142,898","125,132","-17,766","80,236","29,311",,,"4,186","4,767","6,427",205,,"2,229","14,712",-592,"3,388","-2,245","-23,589","-11,283",2.25,0.92,,"81,845","12,245",,98,"94,188","18,949","15,295","97,842","125,167","142,547",1.66,1.51
PACE,01Jul2019,Mountain,N,"163,302","158,532","131,544","-26,988","75,769","31,832",,,"5,311","10,697","6,036","1,899",,"3,820","11,232",-105,"2,099","-4,212","-23,240","-16,582",2.25,0.92,,"77,260","13,298",,150,"90,709","23,074","12,651","101,132","131,544","158,532",1.52,1.41
PACE,02Jul2019,Mountain,N,"164,143","160,925","129,266","-31,659","70,603","32,916",,,"5,230","10,028","8,683","1,806",,"5,987",238,"-1,421","1,276","-6,374","-17,097","-14,268",2.25,0.92,,"72,010","13,748",,161,"85,919","19,959","6,507","99,371","129,266","160,925",1.47,1.36
PACE,03Jul2019,Mountain,N,"158,501","155,438","132,829","-22,609","73,213","33,089",,,"5,166","9,875","9,660","1,826",,"5,607","6,248","1,130","1,406","-4,016","-18,703","-14,281",2.25,0.92,,"74,781","13,835",,166,"88,782","18,877","9,988","97,671","132,829","155,438",1.47,1.39
PACE,04Jul2019,Mountain,N,"145,999","133,135","112,372","-20,763","56,018","30,703",,,"5,923","10,299","7,650","1,779",,-611,"9,886",435,385,"-4,503","-12,893","-13,462",2.25,0.92,,"57,174","12,849",,161,"70,184","16,690","8,360","78,513","112,372","133,135",1.38,1.30
PACE,05Jul2019,Mountain,N,"149,855","139,713","116,296","-23,417","62,825","29,789",,,"5,903","10,018","5,981","1,780",,"2,314","9,025","-1,397","1,458","-4,344","-16,370","-14,103",2.25,0.92,,"64,100","12,449",,149,"76,698","18,076","8,906","85,868","116,296","139,713",1.45,1.35
PACE,06Jul2019,Mountain,N,"145,301","144,876","112,233","-32,643","57,491","28,752",,,"5,916","10,440","8,000","1,634",,1,"1,065",132,502,"-5,593","-15,591","-13,159",2.25,0.92,,"58,630","11,999",,163,"70,792","17,565","4,133","84,225","112,233","144,876",1.39,1.28
PACE,07Jul2019,Mountain,N,"148,815","143,690","117,278","-26,412","61,550","29,942",,,"5,922","8,626","10,080","1,158",,"1,825","3,234",559,262,"-2,972","-16,571","-12,749",2.25,0.92,,"62,753","12,492",,162,"75,407","15,597","6,351","84,653","117,278","143,690",1.42,1.30
PACE,08Jul2019,Mountain,N,"157,158","146,566","128,947","-17,619","68,707","31,930",,,"6,058","9,862","11,410",980,,"1,141","12,404","1,111","1,525",-950,"-19,196","-13,654",2.25,0.92,,"70,133","13,327",,178,"83,637","16,324","11,781","88,180","128,947","146,566",1.43,1.33
PACE,09Jul2019,Mountain,N,"153,339","148,377","146,158","-2,219","82,403","32,593",,,"5,682","10,604","14,367",509,,"5,369","22,094",-364,"6,287","-1,132","-25,456","-9,017",2.25,0.92,,"84,096","13,575",,195,"97,866","16,730","21,897","92,700","146,158","148,377",1.48,1.38
PACE,10Jul2019,Mountain,N,"161,247","158,651","149,589","-9,062","92,614","33,731",,,"6,230","10,616","6,492",-94,,"7,730","17,190","1,413","5,885","-3,055","-27,176","-11,049",2.25,0.92,,"94,586","14,062",,146,"108,794","19,922","22,080","106,636","149,683","158,745",1.60,1.48
PACE,11Jul2019,Mountain,N,"168,120","161,077","145,693","-15,384","88,911","33,835",,,"6,165","9,006","7,879",-103,,"8,771","8,751","-2,450","5,624","-4,471","-27,028","-4,581",2.25,0.92,,"90,761","14,086",,145,"104,992","17,040","16,365","105,666","145,796","161,180",1.59,1.45
PACE,12Jul2019,Mountain,N,"170,462","164,275","146,445","-17,830","91,949","33,507",,,"6,029","7,487","7,536",-63,,"8,658","7,474","-2,214","5,642","-4,788","-28,736","-3,866",2.25,0.92,,"93,786","13,958",,132,"107,877","17,494","15,331","110,040","146,508","164,338",1.62,1.48
PACE,13Jul2019,Mountain,N,"166,495","150,821","142,200","-8,621","91,242","29,878",,,"6,195","6,796","8,139",-50,,"9,789","8,900",37,"6,687","-5,098","-23,152","-5,784",2.25,0.92,,"93,061","12,453",,133,"105,647","16,148","18,331","103,463","142,250","150,871",1.64,1.51
PACE,14Jul2019,Mountain,N,"161,379","152,782","144,991","-7,791","87,415","32,620",,,"5,965","8,948","10,096",-53,,"8,218","13,680","1,893","7,482","-2,542","-25,337","-11,185",2.25,0.92,,"89,147","13,606",,157,"102,910","19,436","21,120","101,226","145,044","152,835",1.56,1.46
PACE,15Jul2019,Mountain,N,"168,559","166,833","152,808","-14,025","94,510","34,564",,,"5,995","9,813","8,159",-63,,"8,633","12,677","-3,071","7,482","-2,824","-28,541","-8,381",2.25,0.92,,"96,479","14,417",,150,"111,046","20,562","20,124","111,485","153,041","167,066",1.60,1.47
PACE,16Jul2019,Mountain,N,"168,048","160,858","148,637","-12,221","89,152","34,624",,,"5,993","10,489","8,757",-28,,"4,389","11,340",134,"7,292","-1,991","-27,763","-5,622",2.25,0.92,,"91,083","14,445",,158,"105,686","15,845","16,232","105,300","149,015","161,236",1.56,1.44
PACE,17Jul2019,Mountain,N,"163,862","160,110","150,657","-9,453","83,959","36,976",,,"5,875","10,267","13,824",-48,,"1,302","14,118","-1,575","7,387","-2,697","-26,406","-1,582",2.25,0.92,,"85,848","15,433",,188,"101,468","13,127","15,295","99,301","150,901","160,354",1.48,1.37
PACE,18Jul2019,Mountain,N,"164,071","164,099","156,690","-7,409","82,137","35,202",,,"5,876","10,417","23,143",-85,,"1,229","9,560",367,"6,891","-1,524","-24,414",482,2.25,0.92,,"83,992","14,679",,247,"98,918","10,066","13,119","95,865","156,775","164,184",1.39,1.29
PACE,19Jul2019,Mountain,N,"163,283","166,774","155,618","-11,156","84,705","36,300",,,"6,031","10,575","18,102",-95,,292,"13,773","-1,212","5,787",-416,"-26,013","-3,367",2.25,0.92,,"86,632","15,147",,218,"101,997","13,324","13,722","101,599","155,713","166,869",1.44,1.34
PACE,20Jul2019,Mountain,N,"152,627","155,882","143,207","-12,675","81,554","35,302",,,"6,239","10,358","9,886",-132,,-866,"14,643","-1,926","4,219","-1,290","-23,764","-3,691",2.26,0.92,,"83,463","14,745",,166,"98,374","13,304","13,412","98,266","143,339","156,014",1.51,1.39
PACE,21Jul2019,Mountain,N,"150,932","153,362","144,547","-8,815","86,695","36,445",,,"6,259","10,287","5,012",-151,,"4,093","16,662",860,"5,151","-1,649","-24,615","-9,317",2.25,0.92,,"88,632","15,202",,135,"103,970","16,502","18,088","102,384","144,698","153,513",1.58,1.47
PACE,22Jul2019,Mountain,N,"165,804","168,812","156,126","-12,686","93,729","36,675",,,"6,191","9,197","10,542",-199,,"7,713","13,719",-452,"7,001","-3,298","-27,306","-10,063",2.25,0.92,,"95,760","15,316",,163,"111,239","19,896","19,506","111,628","156,334","169,020",1.57,1.46
PACE,23Jul2019,Mountain,N,"171,140","171,124","153,834","-17,290","97,116","37,694",,,"6,258","7,051","5,882",-167,,"11,167","6,253",509,"7,845",-955,"-30,585","-11,524",2.25,0.92,,"98,965","15,710",,120,"114,796","20,348","18,521","116,623","154,001","171,291",1.64,1.50
PACE,24Jul2019,Mountain,N,"174,638","168,328","155,681","-12,647","96,561","36,856",,,"6,170","5,438","10,823",-167,,"9,565","7,128","1,658","7,424",-12,"-26,187","-12,223",2.25,0.92,,"98,371","15,380",,141,"113,892","18,145","18,204","113,833","155,848","168,495",1.61,1.49
PACE,25Jul2019,Mountain,N,"169,751","162,864","156,337","-6,527","96,556","38,175",,,"6,224","6,433","9,130",-181,,"9,500","13,128","1,885","7,956",95,"-25,832","-13,259",2.25,0.92,,"98,388","15,952",,137,"114,477","19,032","22,577","110,932","156,518","163,045",1.61,1.50
PACE,26Jul2019,Mountain,N,"163,512","155,846","147,782","-8,064","93,104","36,090",,,"6,215","6,751","5,783",-161,,"10,222","12,215","1,793","8,932",733,"-29,727","-12,232",2.25,0.92,,"94,857","15,074",,118,"110,049","20,077","23,519","106,606","147,943","156,007",1.64,1.51
PACE,27Jul2019,Mountain,N,"155,696","149,083","139,477","-9,606","81,947","35,228",,,"6,245","8,864","7,355",-162,,"6,677","9,629","2,500","8,328",290,"-25,814","-11,216",2.25,0.92,,"83,476","14,703",,141,"98,320","17,417","18,320","97,417","139,639","149,245",1.55,1.44
PACE,28Jul2019,Mountain,N,"152,481","149,185","148,187",-998,"83,273","37,105",,,"6,280","10,759","10,925",-155,,"7,985","18,155","2,421","5,616","2,010","-25,652","-11,533",2.25,0.92,,"84,883","15,511",,175,"100,569","17,966","23,387","95,148","148,342","149,340",1.49,1.40
PACE,29Jul2019,Mountain,N,"166,418","163,101","145,184","-17,917","86,914","37,157",,,"6,407","8,676","6,208",-178,,"7,961","9,488","-1,775","3,228","2,330","-25,396","-13,753",2.25,0.92,,"88,569","15,506",,134,"104,209","18,569","15,725","107,053","145,362","163,279",1.58,1.45
PACE,30Jul2019,Mountain,N,"166,797","167,357","145,314","-22,043","85,636","36,787",,,"6,357","8,523","8,209",-175,,"8,921","4,040","-3,710","4,242",530,"-26,145","-9,921",2.25,0.92,,"87,292","15,352",,145,"102,789","16,439","11,919","107,309","145,512","167,555",1.56,1.41
PACE,31Jul2019,Mountain,N,"161,596","153,880","138,189","-15,691","83,408","36,346",,,"6,192","3,482","8,953",-188,,"6,732","12,769","-1,985","4,703",-897,"-28,307","-8,706",2.25,0.92,,"85,064","15,180",,117,"100,361","17,644","16,239","101,766","138,381","154,072",1.60,1.46
PACE,01Aug2019,Mountain,N,"163,382","153,764","136,584","-17,180","79,282","37,179",,,"6,075","9,094","5,134",-178,,"5,592","12,270","-2,055","6,791","-1,697","-26,695","-11,386",2.25,0.92,,"80,775","15,518",,127,"96,420","19,496","16,653","99,263","136,764","153,944",1.55,1.42
PACE,02Aug2019,Mountain,N,"162,244","161,541","137,583","-23,958","79,019","37,458",,,"5,910","9,562","5,798",-164,,"7,740","9,130","-2,832","4,942","-2,675","-28,204","-12,059",2.24,0.92,,"80,415","15,635",,133,"96,183","21,632","14,367","103,448","137,747","161,705",1.54,1.41
PACE,03Aug2019,Mountain,N,"160,729","151,989","135,602","-16,387","79,461","38,333",,,"5,910","6,278","5,785",-165,,"8,990","9,945","-3,985","5,006","-2,549","-22,227","-11,567",2.24,0.92,,"80,781","15,980",,113,"96,873","19,253","16,157","99,969","135,767","152,154",1.57,1.45
PACE,04Aug2019,Mountain,N,"159,414","152,311","142,826","-9,485","83,661","37,686",,,"5,928","8,317","7,396",-162,,"10,506","9,605","-1,431","5,424","-1,766","-20,964","-10,859",2.24,0.92,,"85,012","15,704",,136,"100,852","16,481","17,465","99,867","142,988","152,473",1.55,1.44
PACE,05Aug2019,Mountain,N,"166,798","165,633","152,779","-12,854","92,360","38,126",,,"5,873","8,807","7,781",-168,,"10,860","10,429","-2,041","4,983","-2,190","-22,432","-12,463",2.24,0.92,,"93,989","15,874",,141,"110,005","18,743","18,038","110,710","152,947","165,801",1.59,1.47
PACE,06Aug2019,Mountain,N,"169,532","167,730","150,033","-17,697","93,826","37,191",,,"5,867","7,576","5,738",-165,,"10,217","12,839","-3,290","5,430","-2,340","-29,968","-10,585",2.24,0.92,,"95,544","15,462",,120,"111,125","21,425","19,800","112,751","150,198","167,895",1.63,1.48
PACE,07Aug2019,Mountain,N,"167,247","156,469","145,834","-10,635","95,468","34,882",,,"5,790","4,702","5,163",-171,,"11,188","13,074",-510,"5,874","-2,300","-29,028","-8,933",2.25,0.92,,"97,357","14,521",,98,"111,976","18,708","21,229","109,454","146,005","156,640",1.69,1.54
PACE,08Aug2019,Mountain,N,"162,794","145,882","143,237","-2,645","86,723","34,690",,,"5,698","8,293","8,001",-168,,"10,063","14,637",-348,"6,757","-1,633","-23,534","-8,587",2.25,0.92,,"88,441","14,464",,138,"103,042","15,306","21,434","96,915","143,405","146,050",1.58,1.46
PACE,09Aug2019,Mountain,N,"158,076","145,874","146,574",700,"84,915","34,358",,,"5,795","9,497","12,169",-160,,"9,133","15,313","1,729","6,126","-2,444","-22,112","-7,045",2.25,0.92,,"86,548","14,325",,172,"101,045","14,370","21,041","94,374","146,734","146,034",1.52,1.42
PACE,10Aug2019,Mountain,N,"145,180","145,374","136,310","-9,064","79,934","34,613",,,"5,840","10,114","5,970",-161,,"6,001","12,169",263,"2,551","-1,595","-17,284","-11,169",2.25,0.92,,"81,419","14,417",,137,"95,973","14,778","14,434","96,317","136,471","145,535",1.55,1.46
PACE,11Aug2019,Mountain,N,"143,624","140,794","128,545","-12,249","65,854","33,462",,,"5,695","10,700","12,974",-140,,"1,113","7,660","1,656","2,530","-1,743","-13,616","-9,849",2.25,0.92,,"67,116","13,947",,184,"81,247","12,274","9,183","84,338","128,692","140,941",1.39,1.32
PACE,12Aug2019,Mountain,N,"148,573","146,712","148,325","1,613","85,223","35,143",,,"5,818","10,750","11,087",304,,"6,670","14,729","1,746","3,829","-1,798","-16,561","-7,002",2.25,0.92,,"86,893","14,632",,175,"101,701","10,821","17,489","95,034","148,325","146,712",1.51,1.43
PACE,13Aug2019,Mountain,N,"154,259","149,950","150,330",380,"91,687","35,622",,,"5,694","10,354","6,573",400,,"8,151","17,445","2,135","5,376",-907,"-24,336","-7,484",2.25,0.92,,"93,549","14,846",,144,"108,540","14,886","22,520","100,906","150,330","149,950",1.59,1.48
PACE,14Aug2019,Mountain,N,"154,151","156,611","153,437","-3,174","91,405","35,916",,,"5,434","10,408","9,368",906,,"7,592","17,598","3,110","5,001",-543,"-24,850","-11,082",2.25,0.92,,"93,288","14,976",,164,"108,427","17,116","22,367","103,176","153,437","156,611",1.56,1.45
PACE,15Aug2019,Mountain,N,"157,444","158,679","160,065","1,386","93,596","35,998",,,"5,573","9,815","14,229",854,,"7,687","20,076","3,244","5,059",-618,"-25,981","-8,081",2.25,0.92,,"95,535","15,016",,191,"110,742","15,773","23,596","102,919","160,065","158,679",1.53,1.43
PACE,16Aug2019,Mountain,N,"156,550","155,830","158,973","3,143","93,766","37,045",,,"5,992","9,810","11,333","1,027",,"8,192","20,275","3,722","6,514","-1,132","-25,961","-8,467",2.25,0.92,,"95,760","15,462",,177,"111,399","16,930","25,599","102,730","158,973","155,830",1.54,1.45
PACE,17Aug2019,Mountain,N,"145,744","147,025","159,802","12,777","88,309","33,815",,,"6,020","9,852","20,548","1,258",,"8,194","22,447","3,712","7,437",-307,"-22,639","-6,067",2.25,0.92,,"90,241","14,125",,236,"104,602","13,663","26,660","91,605","159,802","147,025",1.44,1.37
PACE,18Aug2019,Mountain,N,"147,082","145,740","145,884",144,"83,629","29,819",,,"5,989","10,065","15,047","1,335",,"3,911","21,049","2,273","3,835","-1,422","-21,635","-7,867",2.25,0.92,,"85,419","12,449",,203,"98,072","14,694","19,960","92,806","145,884","145,740",1.48,1.40
PACE,19Aug2019,Mountain,N,"159,060","159,036","145,241","-13,795","91,302","26,812",,,"6,049","10,168","9,664","1,246",,"6,733","9,960",-688,"4,699","-4,890","-22,521","-7,088",2.25,0.92,,"93,241","11,186",,170,"104,598","16,338","15,406","105,529","145,241","159,036",1.59,1.46
PACE,20Aug2019,Mountain,N,"162,206","161,526","145,767","-15,759","93,918","27,762",,,"6,077","10,228","6,550","1,232",,"7,245","11,998","-1,136","5,487","-4,562","-25,367","-9,424",2.25,0.92,,"95,885","11,567",,151,"107,604","19,675","17,677","109,601","145,767","161,526",1.63,1.50
PACE,21Aug2019,Mountain,N,"162,270","160,494","128,989","-31,505","76,423","28,256",,,"6,016","9,671","7,896",727,,"-1,288","8,915","-3,036","2,817","-2,806","-24,547","-11,560",2.25,0.92,,"78,075","11,779",,152,"90,006","20,314","8,564","101,757","128,989","160,494",1.54,1.40
PACE,22Aug2019,Mountain,N,"159,568","151,138","133,070","-18,068","79,485","27,504",,,"5,956","7,305","11,473","1,347",,225,"12,276",-82,"3,889","-2,000","-24,109","-8,267",2.25,0.92,,"81,152","11,477",,164,"92,793","16,211","11,549","97,454","133,070","151,138",1.54,1.42
PACE,23Aug2019,Mountain,N,"153,756","145,426","134,307","-11,119","80,740","30,103",,,"5,942","9,663","6,424","1,435",,718,"19,702","2,073","6,826","-1,750","-28,909","-9,779",2.25,0.92,,"82,315","12,575",,147,"95,037","19,832","19,512","95,356","134,307","145,426",1.56,1.45
PACE,24Aug2019,Mountain,N,"147,953","143,487","140,418","-3,069","78,625","29,539",,,"5,906","9,938","14,938","1,472",,"1,705","17,303","3,401","8,548","-2,183","-25,961","-5,882",2.24,0.92,,"79,899","12,342",,202,"92,443","16,281","19,751","88,973","140,418","143,487",1.45,1.37
PACE,25Aug2019,Mountain,N,"147,444","150,066","150,916",850,"79,792","29,621",,,"5,895","9,931","24,233","1,444",,"3,249","16,651","3,251","6,087",-177,"-23,424","-4,787",2.24,0.92,,"81,108","12,372",,260,"93,741","13,586","18,210","89,117","150,916","150,066",1.37,1.31
PACE,26Aug2019,Mountain,N,"153,094","152,278","147,195","-5,083","91,560","30,147",,,"5,971","10,022","7,974","1,521",,"7,050","18,543","2,395","6,751",-677,"-27,841","-11,304",2.24,0.92,,"93,178","12,577",,160,"105,915","19,871","23,558","102,227","147,195","152,278",1.59,1.48
PACE,27Aug2019,Mountain,N,"148,441","146,108","147,016",908,"96,293","30,169",,,"5,855","9,823","3,355","1,521",,"13,191","18,833","2,810","8,147","-1,567","-28,072","-12,434",2.25,0.92,,"98,142","12,601",,129,"110,872","21,565","30,241","102,196","147,016","146,108",1.66,1.54
PACE,28Aug2019,Mountain,N,"155,779","151,909","149,026","-2,883","97,072","29,791",,,"5,689","6,275","8,710","1,489",,"13,425","16,630","1,343","7,188","-1,980","-28,413","-11,076",2.25,0.92,,"98,858","12,434",,139,"111,432","20,735","27,448","104,719","149,026","151,909",1.65,1.52
PACE,29Aug2019,Mountain,N,"163,828","160,301","142,933","-17,368","87,631","30,381",,,"5,155","9,162","9,133","1,471",,"11,245","13,745",0,"5,424","-3,862","-29,984","-13,936",2.24,0.92,,"89,235","12,686",,156,"102,076","25,288","21,849","105,516","142,933","160,301",1.57,1.45
PACE,30Aug2019,Mountain,N,"157,078","160,965","139,948","-21,017","82,561","30,983",,,"5,511","9,527","9,893","1,473",,"11,217","13,503",-731,"3,472","-3,867","-27,952","-16,659",2.25,0.92,,"84,097","12,945",,166,"97,208","25,989","19,001","104,195","139,948","160,965",1.53,1.43
PACE,31Aug2019,Mountain,N,"154,694","151,168","140,824","-10,344","88,414","29,934",,,"5,538","9,747","5,689","1,502",,"12,336","18,256",-126,"4,032","-2,637","-28,171","-14,034",2.24,0.92,,"89,990","12,498",,141,"102,630","24,283","24,822","102,091","140,824","151,168",1.61,1.49
PACE,01Sep2019,Mountain,N,"150,439","149,174","148,571",-603,"93,246","29,774",,,"5,551","9,821","8,628","1,551",,"12,829","20,350","-1,426","5,739","1,088","-26,510","-12,673",2.24,0.92,,"94,834","12,434",,160,"107,429","21,170","27,981","100,618","148,571","149,174",1.59,1.49
PACE,02Sep2019,Mountain,N,"151,544","153,679","156,453","2,774","98,224","30,617",,,"5,552","7,062","13,492","1,506",,"14,122","19,976",-85,"7,691",-792,"-29,089","-9,049",2.24,0.92,,"100,006","12,796",,173,"112,975","20,426","29,694","103,708","156,453","153,679",1.59,1.49
PACE,03Sep2019,Mountain,N,"160,002","160,053","143,435","-16,618","90,739","31,615",,,"5,297","7,900","6,427","1,457",,"11,836","13,403",-357,"6,222","-1,190","-30,158","-16,374",2.25,0.92,,"92,477","13,198",,132,"105,807","25,839","22,902","108,744","143,435","160,053",1.63,1.50
PACE,04Sep2019,Mountain,N,"165,396","159,059","140,093","-18,966","87,930","31,693",,,"5,178","5,913","7,945","1,434",,"12,265","11,998","-1,885","5,628","-1,113","-30,851","-15,008",2.25,0.92,,"89,583","13,221",,128,"102,933","25,645","21,471","107,106","140,093","159,059",1.62,1.48
PACE,05Sep2019,Mountain,N,"164,062","158,691","131,500","-27,191","76,902","33,128",,,"5,314","7,001","7,724","1,431",,"7,041","13,117","-4,492","4,885","-1,062","-30,894","-15,786",2.25,0.92,,"78,423","13,823",,135,"92,380","27,560","17,202","102,738","131,500","158,691",1.55,1.43
PACE,06Sep2019,Mountain,N,"156,334","153,570","137,381","-16,189","82,018","31,218",,,"5,548","7,553","9,568","1,476",,"4,505","13,640","2,038","7,284","-1,407","-30,736","-11,513",2.24,0.92,,"83,516","13,010",,151,"96,677","22,901","18,464","101,115","137,381","153,570",1.55,1.45
PACE,07Sep2019,Mountain,N,"142,950","144,572","141,892","-2,680","85,145","27,989",,,"5,555","8,209","13,488","1,506",,"4,517","18,315","2,628","7,636","-1,271","-26,053","-8,452",2.24,0.92,,"86,601","11,692",,180,"98,473","18,791","22,275","94,989","141,892","144,572",1.53,1.45
PACE,08Sep2019,Mountain,N,"135,320","130,707","128,358","-2,349","75,011","25,745",,,"5,538","8,263","12,200","1,601",,"3,732","16,071","2,162","5,388",-516,"-19,806","-9,380",2.24,0.92,,"76,347","10,772",,173,"87,293","15,197","19,291","83,199","128,358","130,707",1.50,1.40
PACE,09Sep2019,Mountain,N,"140,209","134,305","132,652","-1,653","71,387","25,483",,,"5,359","9,340","19,482","1,601",,"3,713","18,117","2,698","5,847",-772,"-23,216","-8,040",2.25,0.92,,"72,889","10,673",,224,"83,787","15,270","18,683","80,373","132,652","134,305",1.39,1.32
PACE,10Sep2019,Mountain,N,"136,966","131,683","140,303","8,620","87,264","27,579",,,"5,120","8,265","10,474","1,601",,"9,288","24,293","4,092","8,331",-747,"-25,550","-11,087",2.25,0.92,,"89,094","11,552",,160,"100,805","19,829","31,840","88,794","140,303","131,683",1.58,1.49
PACE,11Sep2019,Mountain,N,"128,922","127,076","133,600","6,524","79,462","25,305",,,"4,760","7,446","15,002","1,625",,"9,324","20,421","4,120","7,113","-1,446","-20,837","-12,171",2.25,0.92,,"81,171","10,605",,181,"91,957","18,151","26,678","83,429","133,600","127,076",1.52,1.45
PACE,12Sep2019,Mountain,N,"126,958","125,547","140,311","14,764","85,547","21,274",,,"4,567","9,514","17,470","1,939",,"10,913","26,657","6,225","9,513",-482,"-26,374","-11,688",2.25,0.92,,"87,378","8,907",,210,"96,495","20,791","35,417","81,869","140,311","125,547",1.52,1.44
PACE,13Sep2019,Mountain,N,"132,538","128,804","138,542","9,738","83,433","25,691",,,"4,368","9,354","13,274","2,422",,"4,003","26,989","6,602","10,432","-2,085","-26,489","-9,714",2.25,0.92,,"85,044","10,743",,184,"95,971","20,180","31,714","84,437","138,542","128,804",1.53,1.45
PACE,14Sep2019,Mountain,N,"131,741","127,035","140,364","13,329","79,925","27,354",,,"3,798","9,177","17,737","2,373",,"2,165","28,451","6,315","10,793","-1,454","-26,114","-6,827",2.25,0.92,,"81,450","11,460",,207,"93,117","18,084","30,532","80,668","140,364","127,035",1.46,1.40
PACE,15Sep2019,Mountain,N,"133,099","131,061","135,822","4,761","79,196","27,088",,,"3,554","8,727","14,907","2,350",,"2,181","23,237","5,592","8,066","-1,028","-24,296","-8,991",2.24,0.92,,"80,624","11,330",,185,"92,139","18,077","25,636","84,580","135,822","131,061",1.50,1.42
PACE,16Sep2019,Mountain,N,"145,104","143,014","137,631","-5,383","81,960","27,505",,,"3,443","6,331","16,165","2,227",,"5,350","19,655","3,867","5,960","-1,550","-26,494","-12,171",2.25,0.92,,"83,558","11,508",,177,"95,242","20,721","22,735","93,229","137,631","143,014",1.53,1.44
PACE,17Sep2019,Mountain,N,"132,879","131,310","135,145","3,835","74,012","24,779",,,"3,231","8,923","21,825","2,375",,"6,616","21,772","4,105","5,078","-1,878","-22,454","-9,404",2.25,0.92,,"75,474","10,382",,228,"86,084","17,019","23,269","79,834","135,145","131,310",1.40,1.34
PACE,18Sep2019,Mountain,N,"134,835","130,408","133,539","3,131","83,703","23,900",,,"3,149","8,566","11,870","2,351",,"8,292","25,398","3,435","5,917","-1,102","-26,484","-12,325",2.24,0.92,,"85,156","9,997",,163,"95,316","21,759","29,343","87,733","133,539","130,408",1.57,1.48
PACE,19Sep2019,Mountain,N,"131,229","130,319","138,528","8,209","89,439","23,079",,,"3,201","8,373","12,099","2,337",,"7,950","28,410","3,324","6,466",236,"-29,195","-8,982",2.24,0.92,,"90,908","9,652",,163,"100,723","20,999","32,316","89,406","138,528","130,319",1.60,1.51
PACE,20Sep2019,Mountain,N,"124,025","124,348","126,733","2,385","79,026","21,044",,,"3,227","7,817","13,224","2,395",,"7,370","19,215","6,201","4,889","-2,257","-21,719","-11,314",2.24,0.92,,"80,320","8,822",,167,"89,310","17,682","24,880","82,111","126,733","124,348",1.55,1.46
PACE,21Sep2019,Mountain,N,"117,542","117,393","125,543","8,150","73,948","21,369",,,"3,292","7,711","16,789","2,434",,"6,656","21,396","5,729","5,888","-1,327","-20,495","-9,697",2.24,0.93,,"75,234","8,975",,190,"84,399","16,093","25,786","74,705","125,543","117,393",1.48,1.40
PACE,22Sep2019,Mountain,N,"117,798","117,120","125,001","7,881","77,209","21,904",,,"3,329","8,369","11,797","2,393",,"3,459","23,380","5,525","7,045","-1,337","-22,305","-7,886",2.24,0.92,,"78,510","9,173",,162,"87,845","16,757","26,649","77,953","125,001","117,120",1.55,1.47
PACE,23Sep2019,Mountain,N,"127,506","129,319","133,315","3,996","88,093","20,907",,,"3,185","6,706","12,061","2,363",,"7,041","15,443","5,943","6,282","-2,851","-19,579","-8,283",2.24,0.92,,"89,612","8,735",,152,"98,500","15,149","24,066","89,582","133,315","129,319",1.63,1.53
PACE,24Sep2019,Mountain,N,"132,361","126,199","130,346","4,147","80,405","12,377",,,"3,050","8,401","23,760","2,353",,"2,945","19,424","6,710","5,868","-1,188","-22,011","-7,601",2.25,0.92,,"81,881","5,178",,236,"87,295","14,742","22,439","79,597","130,346","126,199",1.48,1.39
PACE,25Sep2019,Mountain,N,"129,317","124,713","126,615","1,902","88,032","14,418",,,"3,036","8,004","11,141","1,984",,"5,565","22,721","5,081","7,909",-123,"-27,094","-12,157",2.24,0.92,,"89,583","6,027",,152,"95,762","21,118","29,171","87,709","126,615","124,713",1.67,1.55
PACE,26Sep2019,Mountain,N,"132,608","127,341","137,952","10,611","81,106","20,063",,,"3,047","7,742","23,975","2,019",,"4,980","22,878","6,682","7,960",-376,"-23,585","-7,928",2.25,0.92,,"82,657","8,402",,231,"91,290","15,381","26,844","79,827","137,952","127,341",1.46,1.38
PACE,27Sep2019,Mountain,N,"129,586","123,995","119,360","-4,635","74,561","22,981",,,"3,047","7,369","9,035","2,367",,"1,326","19,258","5,156","6,392","-1,204","-23,653","-11,910",2.25,0.92,,"76,008","9,633",,137,"85,778","19,234","22,394","82,618","119,360","123,995",1.58,1.47
PACE,28Sep2019,Mountain,N,"117,831","117,548","124,645","7,097","68,144","20,856",,,"3,224","7,181","22,885","2,355",,"2,839","24,503","4,206","4,062",-495,"-19,315","-8,703",2.25,0.92,,"69,523","8,744",,224,"78,491","13,857","22,044","70,305","124,645","117,548",1.39,1.32
PACE,29Sep2019,Mountain,N,"113,101","113,239","117,610","4,371","68,867","19,396",,,"3,605","7,137","16,226","2,379",,"4,370","28,157","3,311","3,302","1,198","-24,191","-11,776",2.25,0.93,,"70,403","8,154",,184,"78,742","17,890","26,102","70,530","117,610","113,239",1.48,1.37
PACE,30Sep2019,Mountain,N,"121,580","118,032","115,327","-2,705","72,928","19,805",,,"3,811","8,710","7,737","2,336",,"1,309","25,093","3,807","2,094",798,"-24,610","-11,196",2.26,0.92,,"74,615","8,301",,142,"83,058","17,626","23,423","77,261","115,327","118,032",1.59,1.44
PACE,01Oct2019,Mountain,N,"124,154","120,523","118,354","-2,169","72,296","20,029",,,"3,660","8,553","11,486","2,330",,"2,167","21,263","3,669","4,858","1,315","-24,451","-10,990",2.25,0.92,,"73,885","8,380",,163,"82,428","16,997","22,235","77,189","118,354","120,523",1.54,1.41
PACE,02Oct2019,Mountain,N,"125,224","123,499","124,466",967,"77,418","20,268",,,"3,235","8,355","12,838","2,352",,"3,934","18,170","5,230","5,939","3,803","-24,568","-11,541",2.25,0.92,,"79,117","8,466",,168,"87,752","17,428","24,719","80,460","124,466","123,499",1.55,1.44
PACE,03Oct2019,Mountain,N,"127,339","124,682","123,922",-760,"81,564","21,151",,,"2,969","8,688","7,209","2,341",,"5,316","20,116","4,268","6,008","1,752","-26,331","-11,889",2.25,0.92,,"83,233","8,851",,133,"92,216","19,129","25,893","85,453","123,922","124,682",1.64,1.51
PACE,04Oct2019,Mountain,N,"122,975","122,537","132,943","10,406","80,011","19,976",,,"2,952","7,634","20,031","2,339",,"7,247","19,224","5,065","7,039",835,"-21,402","-7,602",2.25,0.92,,"81,522","8,359",,207,"90,087","12,869","25,452","77,504","132,943","122,537",1.49,1.39
PACE,05Oct2019,Mountain,N,"118,027","116,409","128,411","12,002","73,916","21,429",,,"2,919","8,306","19,468","2,373",,"7,379","25,199","4,303","3,754",-986,"-19,377","-8,270",2.24,0.92,,"75,115","8,978",,207,"84,301","13,561","25,578","72,284","128,411","116,409",1.45,1.37
PACE,06Oct2019,Mountain,N,"115,491","114,765","125,372","10,607","78,469","21,711",,,"2,868","8,601","11,337","2,386",,"7,235","29,587","4,008","1,882","-1,074","-22,443","-8,588",2.24,0.92,,"79,664","9,089",,158,"88,911","16,882","28,918","76,875","125,372","114,765",1.56,1.48
PACE,07Oct2019,Mountain,N,"127,583","125,303","138,271","12,968","83,604","22,400",,,"2,823","8,031","19,077","2,336",,"8,581","23,562","5,063","1,968",509,"-20,535","-6,180",2.24,0.92,,"85,031","9,365",,202,"94,598","12,255","26,041","80,811","138,271","125,303",1.51,1.42
PACE,08Oct2019,Mountain,N,"129,573","125,122","143,424","18,302","79,024","24,378",,,"2,731","7,934","27,021","2,336",,"7,916","24,032","6,180","1,871","2,027","-18,945","-4,779",2.25,0.92,,"80,592","10,212",,251,"91,056","10,015","25,524","75,547","143,424","125,122",1.40,1.33
PACE,09Oct2019,Mountain,N,"127,357","124,937","136,492","11,555","80,818","23,535",,,"2,596","7,427","19,740","2,376",,"8,826","24,122","4,498","1,428","4,413","-22,443","-9,289",2.25,0.92,,"82,352","9,865",,202,"92,419","15,047","27,891","79,575","136,492","124,937",1.49,1.40
PACE,10Oct2019,Mountain,N,"129,719","128,153","129,972","1,819","82,507","24,442",,,"2,684","8,315","9,603","2,421",,"5,756","24,304","4,046",993,"3,700","-24,092","-12,888",2.24,0.92,,"84,007","10,230",,144,"94,382","17,926","26,606","85,702","129,972","128,153",1.60,1.47
PACE,11Oct2019,Mountain,N,"129,263","127,752","138,805","11,053","84,069","23,316",,,"2,635","8,362","17,941","2,482",,"7,793","26,163","4,208","2,154","2,728","-24,390","-7,603",2.24,0.92,,"85,543","9,746",,197,"95,485","15,050","28,078","82,458","138,805","127,752",1.52,1.42
PACE,12Oct2019,Mountain,N,"120,355","122,085","130,601","8,516","83,442","17,764",,,"2,641","8,225","16,057","2,472",,"5,389","27,964","3,120","3,546","3,000","-24,493","-10,010",2.24,0.92,,"84,819","7,433",,184,"92,436","17,449","28,948","80,937","130,601","122,085",1.56,1.46
PACE,13Oct2019,Mountain,N,"117,003","118,923","122,950","4,027","84,877","13,744",,,"2,621","7,759","11,476","2,473",,"4,789","27,661","2,031","3,475","4,755","-26,102","-12,582",2.24,0.92,,"86,269","5,736",,153,"92,157","20,721","30,044","82,834","122,950","118,923",1.65,1.54
PACE,14Oct2019,Mountain,N,"124,442","126,549","137,932","11,383","86,263","14,928",,,"2,378","7,602","24,304","2,457",,"6,595","31,970","3,983","4,006","4,311","-27,338","-12,144",2.25,0.92,,"87,866","6,239",,230,"94,335","20,049","32,845","81,539","137,932","126,549",1.51,1.42
PACE,15Oct2019,Mountain,N,"126,591","125,409","128,757","3,348","91,495","16,520",,,"2,058","7,638","8,603","2,443",,"7,499","26,523","3,693","3,297","2,436","-27,532","-12,568",2.25,0.92,,"93,189","6,911",,130,"100,230","19,622","30,974","88,878","128,757","125,409",1.72,1.56
PACE,16Oct2019,Mountain,N,"126,602","126,388","142,297","15,909","91,458","17,956",,,"2,039","7,252","21,150","2,442",,"10,292","25,325","5,363","4,642","3,629","-26,370","-6,972",2.24,0.92,,"92,988","7,502",,206,"100,696","15,377","32,580","83,493","142,297","126,388",1.56,1.46
PACE,17Oct2019,Mountain,N,"125,542","126,048","141,689","15,641","84,959","22,071",,,"2,007","4,898","25,359","2,395",,"9,704","23,126","5,656","2,258","3,861","-21,120","-7,844",2.25,0.92,,"86,539","9,257",,217,"96,013","12,462","28,574","79,901","141,689","126,048",1.49,1.40
PACE,18Oct2019,Mountain,N,"125,677","124,369","144,020","19,651","84,517","22,212",,,"2,052","7,314","25,495","2,430",,"8,785","28,864","6,867","3,988","2,425","-20,478","-10,800",2.25,0.93,,"86,148","9,329",,234,"95,711","14,206","32,063","77,854","144,020","124,369",1.47,1.38
PACE,19Oct2019,Mountain,N,"121,101","123,535","135,248","11,713","76,708","16,253",,,"1,938","6,294","31,720","2,340",,699,"24,079","6,348","3,789","2,361","-16,707","-8,856",2.24,0.92,,"78,006","6,788",,265,"85,059","12,031","23,371","73,719","135,253","123,540",1.39,1.32
PACE,20Oct2019,Mountain,N,"120,054","119,359","120,603","1,244","61,642","18,301",,,"1,922","7,144","29,221","2,373",,"-4,704","27,584","5,255","2,183",884,"-15,920","-14,038",2.24,0.92,,"62,742","7,670",,255,"70,667","16,680","20,562","66,785","120,603","119,359",1.29,1.23
PACE,21Oct2019,Mountain,N,"128,420","126,788","131,086","4,298","78,401","18,666",,,"1,895","6,688","23,037","2,399",,"4,638","22,116","6,890","2,969","-1,087","-17,106","-14,122",2.24,0.92,,"79,760","7,815",,213,"87,788","15,819","23,620","79,987","131,086","126,788",1.48,1.39
PACE,22Oct2019,Mountain,N,"127,739","124,682","133,287","8,605","70,727","18,722",,,"1,867","6,016","33,516","2,439",,"6,785","17,583","7,008","3,687",-827,"-15,704","-9,927",2.24,0.92,,"71,943","7,826",,275,"80,045","12,290","20,498","71,836","133,287","124,682",1.32,1.27
PACE,23Oct2019,Mountain,N,"127,319","124,817","123,380","-1,437","75,519","21,358",,,"1,745","6,201","16,128","2,429",,"5,550","18,474","5,867","3,476","-1,142","-20,061","-13,601",2.24,0.92,,"76,819","8,930",,166,"85,915","17,458","21,939","81,434","123,380","124,817",1.54,1.44
PACE,24Oct2019,Mountain,N,"128,971","127,905","129,688","1,783","81,807","23,261",,,"1,747","6,641","13,851","2,381",,"8,129","24,796","3,535","4,007","-1,413","-26,458","-10,813",2.24,0.92,,"83,243","9,738",,154,"93,135","20,340","27,308","86,167","129,688","127,905",1.58,1.49
PACE,25Oct2019,Mountain,N,"127,589","124,863","136,540","11,677","77,644","22,966",,,"1,722","6,550","25,249","2,409",,"9,287","20,239","5,715","5,139","-1,708","-21,487","-5,508",2.24,0.92,,"79,002","9,601",,225,"88,828","13,749","25,275","77,302","136,540","124,863",1.43,1.36
PACE,26Oct2019,Mountain,N,"122,698","119,120","135,827","16,707","75,039","21,753",,,"1,901","6,316","28,479","2,339",,"7,075","22,582","7,214","5,528",-574,"-16,654","-8,464",2.24,0.92,,"76,280","9,098",,245,"85,622","12,385","26,052","71,955","135,827","119,120",1.39,1.33
PACE,27Oct2019,Mountain,N,"124,204","125,436","121,905","-3,531","79,286","22,613",,,"2,022","3,373","12,378","2,233",,"2,841","25,192","3,510","2,967",-364,"-23,068","-14,609",2.24,0.92,,"80,737","9,483",,125,"90,345","21,197","25,412","86,131","121,905","125,436",1.63,1.51
PACE,28Oct2019,Mountain,N,"137,334","135,317","133,122","-2,195","84,238","24,237",,,"2,234","5,442","14,768","2,203",,"3,787","28,229","3,207","3,001",-776,"-27,971","-11,672",2.24,0.92,,"85,510","10,124",,155,"95,789","21,146","25,975","90,960","133,122","135,317",1.59,1.48
PACE,29Oct2019,Mountain,N,"142,183","135,548","123,395","-12,153","74,696","26,051",,,"2,003","4,499","13,991","2,155",,"-1,666","26,221",683,"1,761",326,"-25,983","-13,495",2.24,0.92,,"75,770","10,888",,142,"86,800","21,243","20,414","87,629","123,395","135,548",1.55,1.43
PACE,30Oct2019,Mountain,N,"142,916","133,863","126,769","-7,094","74,190","28,255",,,"1,833","5,394","15,487","1,610",,-978,"35,157","-3,948","2,389",744,"-29,699","-10,759",2.24,0.92,,"75,428","11,814",,153,"87,395","22,684","24,918","85,161","126,769","133,863",1.52,1.40
PACE,31Oct2019,Mountain,N,"137,893","132,127","124,736","-7,391","64,516","26,853",,,"1,649","6,947","22,432","2,339",,"-3,432","32,791","2,463","1,844",123,"-28,772","-12,408",2.24,0.92,,"65,601","11,215",,209,"77,025","22,739","22,373","77,390","124,736","132,127",1.36,1.29
PACE,01Nov2019,Mountain,N,"134,304","131,963","126,103","-5,860","78,087","26,253",,,"1,476","6,902","10,546","2,839",,"-2,081","32,210","3,778","2,986",-623,"-30,461","-11,669",2.24,0.92,,"79,495","10,996",,136,"90,628","24,364","26,382","88,611","126,103","131,963",1.58,1.48
PACE,02Nov2019,Mountain,N,"119,737","127,037","123,382","-3,655","68,926","22,287",,,"1,409","6,749","21,185","2,826",,"-1,683","25,607","4,498","3,334","-1,121","-26,380","-7,910",2.25,0.92,,"70,195","9,318",,202,"79,715","19,092","20,818","77,989","123,382","127,037",1.42,1.35
PACE,03Nov2019,Mountain,N,"120,856","128,209","117,422","-10,787","67,435","22,248",,,"1,423","6,299","17,249","2,768",,"-2,515","25,760","3,975","3,495","-1,093","-28,473","-11,936",2.24,0.92,,"68,625","9,310",,174,"78,109","24,825","21,235","81,700","117,422","128,209",1.47,1.40
PACE,04Nov2019,Mountain,N,"123,215","128,612","118,971","-9,641","72,067","25,774",,,"1,461","6,384","10,968","2,317",,-599,"22,993","8,206","4,479","-1,644","-30,349","-12,727",2.24,0.92,,"73,365","10,780",,133,"84,278","26,421","24,153","86,546","118,971","128,612",1.56,1.48
PACE,05Nov2019,Mountain,N,"128,767","128,353","132,303","3,950","75,989","28,800",,,"1,509","6,401","17,791","1,813",,"3,323","23,749","6,730","6,598","-2,474","-28,511","-5,465",2.24,0.92,,"77,272","12,023",,173,"89,467","19,828","26,166","83,129","132,303","128,353",1.49,1.43
PACE,06Nov2019,Mountain,N,"128,636","124,899","123,881","-1,018","79,092","27,714",,,"1,429","6,116","7,073","2,457",,"6,784","18,947","8,306","6,614","-2,119","-29,851","-9,699",2.24,0.92,,"80,526","11,579",,107,"92,212","23,005","28,389","86,828","123,881","124,899",1.64,1.53
PACE,07Nov2019,Mountain,N,"129,335","127,040","129,111","2,071","83,572","26,708",,,"1,457","6,014","8,839","2,521",,"10,773","18,593","7,334","6,701","-1,987","-31,005","-8,338",2.25,0.92,,"85,139","11,139",,118,"96,396","21,287","30,014","87,669","129,111","127,040",1.65,1.52
PACE,08Nov2019,Mountain,N,"128,338","127,297","140,727","13,430","79,338","25,569",,,"1,384","6,237","25,603","2,596",,"9,994","19,418","8,532","8,386","-2,087","-28,601","-2,212",2.25,0.92,,"80,884","10,703",,225,"91,812","16,467","29,198","79,081","140,727","127,297",1.44,1.37
PACE,09Nov2019,Mountain,N,"121,777","122,942","126,227","3,285","80,264","16,231",,,"1,391","5,798","19,810","2,733",,"9,954","16,659","7,713","7,158","-1,807","-30,061","-6,331",2.25,0.92,,"81,915","6,801",,186,"88,903","19,627","27,381","81,149","126,227","122,942",1.55,1.46
PACE,10Nov2019,Mountain,N,"120,720","121,965","123,267","1,302","78,770","15,321",,,"1,388","5,562","19,473","2,753",,"8,366","14,183","6,196","5,711","-1,101","-25,032","-7,021",2.25,0.92,,"80,411","6,425",,183,"87,019","17,000","23,224","80,795","123,267","121,965",1.56,1.46
PACE,11Nov2019,Mountain,N,"129,262","130,491","116,356","-14,135","78,624","18,193",,,"1,273","5,945","9,564","2,757",,"7,769","8,723","5,351","3,553","-2,557","-29,422","-7,552",2.25,0.92,,"80,224","7,601",,123,"87,947","20,646","17,843","90,751","116,356","130,491",1.67,1.53
PACE,12Nov2019,Mountain,N,"130,148","131,750","137,363","5,613","78,323","22,321",,,"1,212","5,763","27,015","2,729",,"8,789","12,174","7,448","5,058",421,"-24,318","-3,959",2.25,0.92,,"79,972","9,310",,230,"89,512","12,794","21,204","81,102","137,363","131,750",1.44,1.36
PACE,13Nov2019,Mountain,N,"128,926","129,327","132,615","3,288","83,552","26,864",,,"1,217","5,653","12,599","2,730",,"8,425","17,392","7,605","6,331",-669,"-27,363","-8,433",2.25,0.92,,"85,434","11,227",,139,"96,800","18,350","27,224","87,926","132,615","129,327",1.61,1.50
PACE,14Nov2019,Mountain,N,"128,247","126,390","132,576","6,186","88,569","26,298",,,"1,183","4,216","9,593","2,717",,"10,454","18,699","6,961","5,612","-1,022","-29,715","-4,803",2.25,0.92,,"90,480","10,982",,111,"101,573","18,157","29,863","89,868","132,576","126,390",1.69,1.57
PACE,15Nov2019,Mountain,N,"130,665","127,843","139,636","11,793","84,379","23,809",,,"1,212","4,176","23,327","2,733",,"9,287","20,566","7,153","5,721","-1,537","-24,083","-5,314",2.25,0.92,,"86,241","9,955",,197,"96,393","15,311","28,036","83,668","139,636","127,843",1.52,1.44
PACE,16Nov2019,Mountain,N,"125,142","123,940","133,748","9,808","80,734","26,057",,,"1,399","5,441","17,314","2,803",,"12,670","17,502","6,733","4,869","-1,471","-23,028","-7,467",2.25,0.92,,"82,546","10,915",,169,"93,630","16,381","27,768","82,243","133,748","123,940",1.54,1.46
PACE,17Nov2019,Mountain,N,"122,808","122,999","130,659","7,660","71,651","21,387",,,"1,342","5,382","28,370","2,527",,"10,079","13,237","6,419","4,230","-2,108","-18,989","-5,208",2.25,0.92,,"73,154","8,934",,236,"82,324","11,922","20,534","73,712","130,659","122,999",1.39,1.32
PACE,18Nov2019,Mountain,N,"131,652","128,925","128,665",-260,"73,829","24,070",,,"1,365","5,113","22,631","1,657",,"5,178","11,500","8,069","5,884","-1,514","-24,970","-4,407",2.25,0.92,,"75,326","10,060",,193,"85,579","14,831","19,329","81,081","128,665","128,925",1.47,1.39
PACE,19Nov2019,Mountain,N,"130,942","130,353","118,202","-12,151","70,445","23,364",,,"1,391","3,073","18,277","1,652",,"4,173","10,945","6,603","3,531",-725,"-29,023","-7,655",2.25,0.92,,"71,914","9,769",,153,"81,836","18,617","16,502","83,951","118,202","130,353",1.53,1.42
PACE,20Nov2019,Mountain,N,"134,823","128,735","112,997","-15,738","67,197","25,305",,,"1,547","1,377","15,925","1,646",,"3,831","11,991","7,549","3,061",-871,"-30,531","-10,768",2.25,0.92,,"68,713","10,607",,129,"79,448","21,916","17,406","83,958","112,997","128,735",1.55,1.44
PACE,21Nov2019,Mountain,N,"130,566","131,062","104,721","-26,341","68,946","26,721",,,"1,766","2,270","3,342","1,676",,"1,795","13,132","3,424","1,611",-696,"-31,497","-14,110",2.25,0.92,,"70,478","11,159",,57,"81,694","26,121","15,476","92,339","104,721","131,062",1.72,1.55
PACE,22Nov2019,Mountain,N,"138,896","132,518","120,837","-11,681","73,165","25,317",,,"1,602","2,348","16,302","2,103",,"1,063","17,654","4,903","2,424",-349,"-30,831","-6,545",2.25,0.92,,"74,715","10,579",,140,"85,435","20,167","18,561","87,041","120,837","132,518",1.56,1.45
PACE,23Nov2019,Mountain,N,"125,717","127,135","124,713","-2,422","65,708","22,813",,,"1,618","5,218","26,656","2,700",,"-1,399","24,013","8,542","4,472",-108,"-30,971","-6,971",2.25,0.92,,"67,078","9,558",,227,"76,863","19,272","22,084","74,051","124,713","127,135",1.36,1.28
PACE,24Nov2019,Mountain,N,"121,829","128,986","131,554","2,568","68,021","19,923",,,"1,644","5,240","34,034","2,692",,891,"19,075","8,515","5,818",833,"-24,744","-7,820",2.24,0.92,,"69,245","8,349",,274,"77,868","15,078","20,191","72,754","131,554","128,986",1.30,1.24
PACE,25Nov2019,Mountain,N,"135,356","138,949","120,724","-18,225","79,536","21,898",,,"1,675",966,"14,056","2,593",,"2,172","14,430","3,287","2,750",-23,"-26,870","-13,971",2.25,0.92,,"81,168","9,171",,121,"90,460","20,507","16,445","94,522","120,724","138,949",1.65,1.50
PACE,26Nov2019,Mountain,N,"145,901","138,988","130,488","-8,500","84,385","26,335",,,"1,705","3,755","11,697","2,611",,"6,879","22,617","3,196","3,282",497,"-31,171","-13,800",2.25,0.92,,"86,089","11,027",,124,"97,241","22,567","25,311","94,497","130,488","138,988",1.64,1.50
PACE,27Nov2019,Mountain,N,"146,396","143,362","143,343",-19,"89,478","26,305",,,"1,701","4,243","19,003","2,613",,"10,288","18,873","2,881","5,185",-679,"-30,332","-6,235",2.24,0.92,,"91,108","11,002",,173,"102,284","16,696","24,627","94,352","143,343","143,362",1.57,1.45
PACE,28Nov2019,Mountain,N,"131,173","128,262","143,631","15,369","98,767","26,932",,,"1,707","1,161","12,452","2,612",,"12,452","28,229","5,516","8,095",-66,"-30,724","-8,133",2.24,0.92,,"100,413","11,261",,112,"111,786","20,264","39,395","92,655","143,631","128,262",1.72,1.59
PACE,29Nov2019,Mountain,N,"139,940","130,618","140,196","9,578","96,690","26,671",,,"1,680","1,244","11,360","2,551",,"8,785","30,612","6,119","4,733","3,947","-30,759","-13,859",2.24,0.92,,"98,208","11,133",,106,"109,447","23,898","39,195","94,150","140,196","130,618",1.72,1.59
PACE,30Nov2019,Mountain,N,"141,752","130,866","155,425","24,559","97,976","27,784",,,"1,684","4,375","20,988","2,618",,"8,652","38,769","7,563","6,428","7,372","-30,493","-13,732",2.25,0.92,,"99,820","11,651",,186,"111,657","23,934","46,654","88,938","155,425","130,866",1.58,1.50
PACE,01Dec2019,Mountain,N,"141,279","135,245","153,049","17,804","99,570","27,459",,,"1,651","3,286","18,996","2,087",,"11,059","34,322","6,136","7,161","1,457","-31,452","-10,857",2.25,0.92,,"101,495","11,486",,163,"113,144","23,074","41,935","94,284","153,049","135,223",1.63,1.54
PACE,02Dec2019,Mountain,N,"146,613","137,299","152,858","15,559","96,321","27,287",,,"1,515","3,555","22,220","1,960",,"9,862","32,433","5,760","6,275",-106,"-30,766","-7,899",2.25,0.92,,"98,207","11,377",,183,"109,767","20,485","37,189","93,064","152,858","137,299",1.58,1.49
PACE,03Dec2019,Mountain,N,"144,589","136,953","150,867","13,914","90,794","28,350",,,"1,412","3,627","24,013","2,671",,"12,199","24,528","5,624","8,383","-1,893","-30,839","-4,088",2.25,0.92,,"92,712","11,863",,199,"104,774","17,502","33,107","89,169","150,867","136,953",1.53,1.44
PACE,04Dec2019,Mountain,N,"143,555","135,542","146,748","11,206","93,280","28,762",,,"1,471","2,119","18,383","2,733",,"10,711","22,329","6,835","8,246","-2,061","-29,423","-5,431",2.24,0.92,,"94,958","12,016",,155,"107,129","18,197","33,001","92,325","146,748","135,542",1.61,1.50
PACE,05Dec2019,Mountain,N,"143,017","140,032","136,207","-3,825","95,968","28,531",,,"1,551","3,031","4,501","2,625",,"8,846","20,950","6,164","5,285","-1,528","-28,791","-14,751",2.25,0.92,,"97,917","11,948",,73,"109,938","24,109","30,662","103,385","136,207","140,032",1.78,1.63
PACE,06Dec2019,Mountain,N,"138,249","138,376","142,565","4,189","87,646","26,378",,,"1,646","4,032","20,128","2,735",,"10,746","20,654","5,744","6,113","-1,019","-29,058","-8,991",2.25,0.92,,"89,252","11,022",,179,"100,452","20,225","28,881","91,797","142,565","138,376",1.55,1.46
PACE,07Dec2019,Mountain,N,"132,567","135,573","148,626","13,053","87,067","27,325",,,"1,878","2,347","27,253","2,756",,"11,024","22,579","6,597","8,040",-611,"-22,763","-11,813",2.25,0.92,,"88,801","11,443",,215,"100,459","18,806","31,336","87,929","148,626","135,573",1.49,1.43
PACE,08Dec2019,Mountain,N,"133,898","133,078","147,768","14,690","85,120","26,336",,,"1,869","1,618","30,103","2,722",,"4,806","30,726","6,166","7,166",680,"-22,822","-12,032",2.24,0.92,,"86,575","11,011",,228,"97,813","19,638","32,038","85,414","147,768","133,078",1.46,1.41
PACE,09Dec2019,Mountain,N,"145,238","141,349","148,160","6,811","93,536","28,067",,,"2,103","3,078","18,701","2,675",,"7,662","27,420","4,854","5,167",-21,"-23,014","-15,257",2.25,0.92,,"95,331","11,749",,167,"107,246","21,247","31,366","97,127","148,160","141,349",1.60,1.51
PACE,10Dec2019,Mountain,N,"144,375","137,493","153,169","15,676","90,409","30,943",,,"2,004","3,934","23,203","2,676",,"10,271","25,593","6,175","6,774",-688,"-23,440","-9,009",2.25,0.92,,"92,108","12,954",,200,"105,262","17,493","32,446","90,309","153,169","137,493",1.52,1.45
PACE,11Dec2019,Mountain,N,"142,447","142,100","154,190","12,090","90,174","30,136",,,"1,921","2,903","26,353","2,703",,"10,072","24,213","5,921","5,325","-1,105","-23,249","-9,087",2.25,0.92,,"91,929","12,611",,212,"104,752","17,386","29,774","92,365","154,190","142,100",1.50,1.43
PACE,12Dec2019,Mountain,N,"142,661","138,946","157,372","18,426","89,023","27,881",,,"1,683","2,963","33,175","2,647",,"10,102","25,792","7,277","7,192",-275,"-24,670","-6,992",2.25,0.92,,"90,720","11,659",,254,"102,633","15,751","31,778","86,606","157,372","138,946",1.44,1.37
PACE,13Dec2019,Mountain,N,"139,794","140,366","147,949","7,583","92,294","26,776",,,"1,651","1,783","22,763","2,682",,"7,649","25,367","5,861","4,666",183,"-23,683","-12,460",2.25,0.92,,"94,004","11,187",,181,"105,372","18,891","29,706","94,557","147,949","140,366",1.57,1.49
PACE,14Dec2019,Mountain,N,"136,464","138,623","135,007","-3,616","94,689","27,070",,,"1,692","1,410","7,487","2,659",,"7,193","24,436","3,524","3,042",-368,"-26,691","-14,752",2.24,0.92,,"96,190","11,277",,83,"107,550","23,526","29,116","101,960","135,007","138,623",1.76,1.62
PACE,15Dec2019,Mountain,N,"138,662","140,085","126,973","-13,112","85,164","27,961",,,"1,619","1,552","7,968","2,709",,"5,443","23,154","1,373","1,670","-1,912","-27,705","-15,135",2.24,0.92,,"86,608","11,650",,87,"98,345","25,131","23,831","99,644","126,973","140,085",1.71,1.57
PACE,16Dec2019,Mountain,N,"149,441","143,513","143,041",-472,"85,829","30,475",,,"1,571","4,185","18,481","2,500",,"8,728","22,198","3,271","4,715","-1,944","-28,320","-9,120",2.25,0.92,,"87,581","12,729",,168,"100,477","20,539","26,076","94,940","143,041","143,513",1.55,1.46
PACE,17Dec2019,Mountain,N,"149,726","143,018","147,311","4,293","82,191","30,771",,,"1,481","4,861","25,850","2,157",,"9,493","23,849","3,745","5,716",-695,"-30,189","-7,626",2.25,0.92,,"83,919","12,866",,215,"97,001","19,643","27,176","89,468","147,311","143,018",1.45,1.38
PACE,18Dec2019,Mountain,N,"148,520","144,159","152,004","7,845","94,294","29,882",,,"1,530","3,550","20,524","2,224",,"11,495","23,934","3,227","8,025",-562,"-29,120","-9,154",2.25,0.92,,"96,179","12,487",,175,"108,841","20,518","31,918","97,441","152,004","144,159",1.58,1.49
PACE,19Dec2019,Mountain,N,"147,145","141,562","149,034","7,472","88,904","29,129",,,"1,374","4,638","22,800","2,189",,"10,738","25,686","3,819","7,795",-446,"-29,316","-10,804",2.26,0.92,,"91,029","12,172",,194,"103,395","21,603","31,973","93,025","149,034","141,562",1.53,1.45
PACE,20Dec2019,Mountain,N,"145,015","140,125","151,785","11,660","86,336","26,544",,,"1,440","4,189","30,552","2,724",,"12,590","22,014","6,002","7,889","-1,393","-29,289","-6,153",2.26,0.92,,"88,344","11,103",,244,"99,691","18,444","30,469","87,666","151,785","140,125",1.45,1.38
PACE,21Dec2019,Mountain,N,"136,552","134,582","149,616","15,034","90,059","26,458",,,"1,585","2,059","26,828","2,627",,"15,694","20,692","5,276","8,330",-556,"-29,958","-4,444",2.25,0.92,,"91,943","11,079",,208,"103,229","17,440","32,782","87,887","149,616","134,582",1.52,1.44
PACE,22Dec2019,Mountain,N,"133,404","131,223","150,617","19,394","94,942","26,973",,,"1,653","2,026","22,336","2,687",,"15,881","27,980","4,604","9,602",423,"-31,501","-7,595",2.24,0.92,,"96,581","11,276",,180,"108,037","22,442","40,448","90,031","150,617","131,223",1.58,1.51
PACE,23Dec2019,Mountain,N,"142,057","136,442","135,821",-621,"87,794","28,020",,,"1,620","1,075","14,612","2,700",,"11,736","24,246","4,214","6,268",209,"-31,624","-15,670",2.24,0.92,,"89,346","11,702",,125,"101,173","26,823","33,127","94,869","135,821","136,442",1.64,1.53
PACE,24Dec2019,Mountain,N,"131,805","130,947","136,985","6,038","94,145","21,393",,,"1,685","2,587","14,492","2,683",,"11,346","31,413","3,245","6,306",199,"-30,476","-15,995",2.24,0.92,,"95,729","8,941",,135,"104,805","27,667","38,280","94,192","136,985","130,947",1.69,1.59
PACE,25Dec2019,Mountain,N,"127,993","128,666","125,794","-2,872","94,365","20,916",,,"1,804","1,937","4,123","2,649",,"9,004","29,235","1,938","5,202",-698,"-30,050","-17,503",2.24,0.92,,"95,900","8,733",,66,"104,698","28,923","35,026","98,596","125,794","128,666",1.83,1.69
PACE,26Dec2019,Mountain,N,"141,439","137,079","136,218",-861,"99,664","23,942",,,"1,791","1,904","6,251","2,666",,"11,850","22,087","3,205","7,457","-1,383","-31,211","-12,866",2.24,0.92,,"101,299","10,011",,79,"111,390","25,633","33,705","103,318","136,218","137,079",1.80,1.66
PACE,27Dec2019,Mountain,N,"143,057","143,968","129,612","-14,356","97,591","23,237",,,"1,761","1,454","2,908","2,661",,"8,458","20,253","1,315","3,525",-115,"-29,512","-18,280",2.24,0.92,,"99,239","9,726",,55,"109,020","27,324","26,938","109,405","129,612","143,968",1.85,1.68
PACE,28Dec2019,Mountain,N,"143,398","140,193","139,253",-940,"95,557","21,314",,,"1,729","2,417","15,569","2,667",,"8,633","25,788","3,014","4,207",-247,"-29,914","-12,421",2.24,0.92,,"97,007","8,903",,140,"106,050","24,145","30,277","99,918","139,253","140,193",1.68,1.57
PACE,29Dec2019,Mountain,N,"141,069","137,606","136,131","-1,475","84,472","23,857",,,"1,707","3,064","20,363","2,668",,"9,242","24,691","2,805","5,987",-311,"-30,455","-13,434",2.24,0.92,,"85,700","9,990",,174,"95,865","24,591","29,113","91,344","136,131","137,606",1.55,1.46
PACE,30Dec2019,Mountain,N,"142,677","142,186","129,487","-12,699","77,628","23,877",,,"1,696","3,546","20,057","2,683",,"8,127","18,547",461,"4,506",-581,"-31,070","-12,693",2.24,0.92,,"78,890","9,989",,175,"89,054","23,749","20,966","91,837","129,487","142,190",1.52,1.42
PACE,31Dec2019,Mountain,N,"136,759","142,271","122,666","-19,605","66,637","21,661",,,"1,797","3,391","26,502","2,678",,-784,"14,501","3,049","2,698",-682,"-25,516","-12,871",2.24,0.92,,"67,670","9,030",,215,"76,915","20,901","13,602","84,214","122,666","142,271",1.38,1.30
PACE,01Jan2020,Mountain,N,"138,650","137,138","124,850","-12,288","67,319","20,579",,,"1,870","1,796","30,699","2,587",,-498,"12,515","5,857","1,489",-374,"-17,130","-14,147",2.29,0.91,,"69,996","8,458",,228,"78,682","17,747","14,389","82,039","124,850","137,138",1.39,1.32
PACE,02Jan2020,Mountain,N,"143,114","142,332","130,516","-11,816","71,645","21,989",,,"1,946","4,358","27,957","2,621",,"1,979","15,555","4,584","3,350","-2,057","-21,110","-14,117",2.29,0.90,,"74,346","8,991",,228,"83,565","19,359","16,192","86,732","130,516","142,332",1.41,1.34
PACE,03Jan2020,Mountain,N,"141,973","140,990","139,611","-1,379","78,756","22,758",,,"1,958","4,069","29,523","2,547",,"3,971","17,943","5,575","5,110","-2,918","-20,620","-10,440",2.29,0.90,,"81,730","9,304",,235,"91,269","17,109","20,772","87,606","139,611","140,990",1.44,1.37
PACE,04Jan2020,Mountain,N,"137,903","136,465","130,808","-5,657","67,930","20,414",,,"1,939","3,494","34,345","2,686",,248,"14,027","5,424","2,914",-630,"-16,510","-11,130",2.29,0.90,,"70,458","8,342",,262,"79,061","14,809","15,278","78,593","130,808","136,465",1.33,1.27
PACE,05Jan2020,Mountain,N,"137,205","136,502","128,796","-7,706","78,147","22,983",,,"1,907","4,632","18,411","2,716",,"1,823","23,967",851,"4,559",-297,"-23,509","-15,100",2.29,0.90,,"81,219","9,424",,171,"90,814","21,490","22,557","89,747","128,796","136,502",1.55,1.45
PACE,06Jan2020,Mountain,N,"143,819","142,037","132,464","-9,573","62,116","26,011",,,"1,871","5,052","34,739","2,675",,584,"14,582",-312,"4,066","-1,912","-16,599","-9,982",2.29,0.90,,"64,612","10,611",,274,"75,497","13,916","11,811","77,603","132,464","142,037",1.26,1.20
PACE,07Jan2020,Mountain,N,"141,117","139,103","130,806","-8,297","67,129","23,198",,,"1,985","4,583","31,250","2,661",,"2,417","18,147","3,116","4,239",-777,"-25,390","-10,049",2.30,0.90,,"69,914","9,445",,250,"79,609","17,309","16,371","80,547","130,806","139,103",1.34,1.28
PACE,08Jan2020,Mountain,N,"142,482","141,384","136,017","-5,367","72,863","21,314",,,"2,091","4,051","33,056","2,642",,"1,544","14,565","4,169","2,955","-2,092","-15,049","-11,459",2.30,0.90,,"75,997","8,691",,258,"84,946","13,805","14,364","84,386","136,017","141,384",1.38,1.32
PACE,09Jan2020,Mountain,N,"143,390","141,951","139,016","-2,935","81,778","23,292",,,"2,077","3,143","26,060","2,666",,"3,288","19,884","3,570","4,154",-351,"-21,224","-12,256",2.30,0.90,,"85,215","9,500",,210,"94,924","16,701","20,351","91,275","139,016","141,951",1.51,1.42
PACE,10Jan2020,Mountain,N,"146,612","142,126","136,652","-5,474","83,399","23,515",,,"1,693","5,293","20,005","2,747",,"4,789","23,429","2,012","4,655",-20,"-28,901","-11,438",2.29,0.90,,"86,796","9,584",,184,"96,564","20,266","23,366","93,464","136,652","142,126",1.56,1.45
PACE,11Jan2020,Mountain,N,"142,022","139,239","135,147","-4,092","75,106","21,084",,,"1,691","4,269","30,190","2,807",,"2,462","20,940","3,921","2,923",-607,"-20,536","-13,195",2.29,0.90,,"77,916","8,564",,241,"86,720","17,500","19,386","84,835","135,147","139,239",1.41,1.34
PACE,12Jan2020,Mountain,N,"138,478","136,744","140,027","3,283","76,301","21,355",,,"1,710","3,407","34,488","2,766",,"3,892","20,879","5,875","2,745",378,"-19,352","-11,134",2.29,0.90,,"79,213","8,675",,262,"88,150","15,717","21,766","82,101","140,027","136,744",1.39,1.32
PACE,13Jan2020,Mountain,N,"148,132","143,795","147,410","3,615","80,843","26,825",,,"1,643","5,202","30,144","2,753",,"4,752","26,281","5,597","4,047","1,749","-24,739","-14,072",2.29,0.90,,"83,968","10,913",,245,"95,126","19,802","26,205","88,724","147,410","143,795",1.42,1.36
PACE,14Jan2020,Mountain,N,"145,486","142,950","150,528","7,578","80,948","30,214",,,"1,653","5,057","29,955","2,701",,"7,257","30,237","5,178","4,797","2,148","-27,837","-14,202",2.29,0.90,,"84,064","12,299",,243,"96,606","20,910","30,521","86,994","150,528","142,950",1.41,1.34
PACE,15Jan2020,Mountain,N,"147,619","141,546","151,063","9,517","86,735","32,617",,,"1,665","5,433","21,890","2,723",,"9,214","29,267","4,186","6,240",606,"-28,311","-11,685",2.29,0.90,,"90,139","13,280",,196,"103,615","19,394","31,976","91,034","151,063","141,546",1.51,1.42
PACE,16Jan2020,Mountain,N,"147,726","141,466","148,240","6,774","90,010","34,495",,,"1,937","5,234","14,005","2,559",,"11,522","24,671","4,979","5,513",-106,"-26,243","-13,562",2.29,0.90,,"93,408","14,014",,147,"107,569","20,203","31,938","95,834","148,240","141,466",1.60,1.49
PACE,17Jan2020,Mountain,N,"142,913","138,985","146,915","7,930","74,456","33,337",,,"1,980","4,651","30,221","2,270",,"8,341","24,366","5,832","4,027",-500,"-23,047","-11,089",2.29,0.90,,"77,458","13,622",,242,"91,321","16,738","25,560","82,500","146,915","138,985",1.37,1.31
PACE,18Jan2020,Mountain,N,"136,953","137,354","141,250","3,896","71,223","34,396",,,"2,006","4,208","27,152","2,265",,"7,090","21,994","3,501","4,276","-1,186","-20,909","-10,870",2.30,0.90,,"74,190","14,067",,220,"88,477","16,702","22,431","82,748","141,250","137,354",1.38,1.33
PACE,19Jan2020,Mountain,N,"135,225","135,476","142,964","7,488","78,215","35,640",,,"1,934","4,475","20,405","2,295",,"9,537","20,472","3,269","5,156","-1,875","-20,411","-8,660",2.29,0.90,,"81,324","14,501",,180,"96,004","16,123","24,764","87,363","142,964","135,476",1.48,1.42
PACE,20Jan2020,Mountain,N,"141,740","143,943","143,135",-808,"87,153","35,324",,,"1,929","1,596","14,788","2,345",,"8,021","18,955","3,537","4,964","-2,848","-22,818","-10,619",2.30,0.90,,"90,951","14,366",,128,"105,444","18,900","24,601","99,743","143,135","143,943",1.62,1.53
PACE,21Jan2020,Mountain,N,"140,442","141,014","141,939",925,"79,241","33,324",,,"1,938","1,905","23,045","2,486",,"4,672","19,648","4,037","4,953","-1,984","-21,083","-9,318",2.31,0.90,,"82,912","13,615",,181,"96,708","15,634","21,484","90,859","141,939","141,014",1.50,1.42
PACE,22Jan2020,Mountain,N,"140,909","138,338","135,856","-2,482","67,216","32,677",,,"2,041","4,717","26,642","2,563",,"1,247","14,303","4,824","3,185","-3,221","-13,681","-9,139",2.30,0.90,,"70,249","13,346",,222,"83,818","12,685","15,050","81,453","135,856","138,338",1.36,1.30
PACE,23Jan2020,Mountain,N,"141,197","138,628","135,360","-3,268","72,199","33,832",,,"2,020","5,486","19,077","2,746",,"1,158","13,961","4,191","4,980","-2,076","-20,002","-5,480",2.30,0.90,,"75,455","13,812",,181,"89,449","12,014","15,734","85,729","135,360","138,628",1.46,1.36
PACE,24Jan2020,Mountain,N,"139,406","138,332","133,751","-4,581","68,719","33,338",,,"1,966","3,680","23,269","2,779",,-70,"10,908","3,290","3,661","-2,943","-13,683","-5,744",2.29,0.90,,"71,476","13,556",,196,"85,228","10,156","11,622","83,762","133,751","138,332",1.40,1.33
PACE,25Jan2020,Mountain,N,"136,085","131,406","126,227","-5,179","66,872","25,986",,,"1,983","5,313","23,243","2,830",,-926,"15,533","3,967","3,967","-2,421","-17,390","-7,909",2.29,0.90,,"69,476","10,569",,206,"80,252","13,430","15,292","78,390","126,227","131,406",1.40,1.32
PACE,26Jan2020,Mountain,N,"130,505","129,223","119,538","-9,685","64,746","24,547",,,"1,990","4,230","21,273","2,752",,"-1,030","11,289","2,954","1,877",-900,"-17,486","-6,389",2.29,0.90,,"67,307","9,991",,187,"77,485","11,939","11,112","78,312","119,538","129,223",1.43,1.34
PACE,27Jan2020,Mountain,N,"140,850","138,742","129,830","-8,912","71,309","27,567",,,"2,023","5,209","20,986","2,736",,"-1,614","12,662","3,639","2,006","-2,176","-14,320","-9,109",2.30,0.90,,"74,239","11,212",,191,"85,641","13,822","12,504","86,960","129,830","138,742",1.45,1.38
PACE,28Jan2020,Mountain,N,"140,889","139,063","128,569","-10,494","68,250","28,622",,,"1,965","3,578","23,437","2,717",,-948,"6,783","3,468","2,607","-2,604","-12,543","-7,257",2.29,0.90,,"71,003","11,643",,196,"82,842","10,926","9,510","84,258","128,569","139,063",1.42,1.34
PACE,29Jan2020,Mountain,N,"141,622","139,057","124,610","-14,447","77,781","29,962",,,"1,602","2,138","10,393","2,734",,"-1,131","6,414","2,727","2,517","-3,887","-13,380","-7,707",2.29,0.90,,"80,810","12,176",,104,"93,090","12,420","8,756","96,754","124,610","139,057",1.65,1.53
PACE,30Jan2020,Mountain,N,"142,065","138,569","131,591","-6,978","72,659","26,795",,,"1,830","3,573","23,942","2,792",,-834,"11,984","3,176","2,972","-2,024","-16,497","-5,755",2.29,0.90,,"75,405","10,905",,198,"86,508","11,094","11,988","85,615","131,591","138,569",1.45,1.36
PACE,31Jan2020,Mountain,N,"140,643","137,211","125,339","-11,872","58,726","27,070",,,"1,879","5,610","29,219","2,835",,"-1,594","4,688","3,130","2,174","-2,540","-10,342","-7,388",2.30,0.90,,"61,136","11,041",,244,"72,422","9,420","6,686","75,156","125,339","137,211",1.27,1.21
PACE,01Feb2020,Mountain,N,"133,057","127,921","118,701","-9,220","54,253","21,174",,,"1,834","6,084","32,555","2,801",,"-1,455","6,254","4,784","2,154","-1,964","-10,489","-8,504",2.30,0.90,,"56,489","8,675",,267,"65,431","9,890","7,881","67,441","118,701","127,921",1.22,1.16
PACE,02Feb2020,Mountain,N,"128,731","123,772","117,357","-6,415","60,099","21,221",,,"1,826","5,658","25,835","2,718",,"-1,031","13,780","4,892","1,856",-209,"-14,708","-10,995",2.29,0.91,,"62,496","8,712",,222,"71,430","13,225","13,460","71,195","117,357","123,772",1.34,1.27
PACE,03Feb2020,Mountain,N,"146,183","142,073","124,037","-18,036","71,118","26,045",,,"1,810","2,712","19,617","2,735",,-475,"9,412","4,205","1,683","-1,552","-18,021","-13,288",2.29,0.90,,"73,941","10,658",,166,"84,766","17,079","12,439","89,406","124,037","142,073",1.51,1.39
PACE,04Feb2020,Mountain,N,"149,172","144,166","123,994","-20,172","76,893","29,079",,,"1,827","5,493","7,901","2,801",,"1,524","6,371","2,219","3,285","-2,734","-19,961","-10,876",2.29,0.90,,"79,827","11,858",,111,"91,796","17,085","11,385","97,496","123,994","144,166",1.63,1.49
PACE,05Feb2020,Mountain,N,"148,330","141,938","145,387","3,449","76,897","28,878",,,"2,051","5,584","29,249","2,728",,"6,370","6,911","5,541","6,595","-3,285","-17,693",-990,2.28,0.90,,"79,669","11,763",,245,"91,677","7,440","15,557","83,560","145,387","141,938",1.39,1.30
PACE,06Feb2020,Mountain,N,"143,457","138,992","132,516","-6,476","69,949","27,530",,,"2,016","4,596","25,797","2,628",,"3,570","4,624","5,680","4,633","-1,152","-18,753","-5,078",2.29,0.90,,"72,520","11,240",,216,"83,977","9,657","11,840","81,793","132,516","138,992",1.40,1.30
PACE,07Feb2020,Mountain,N,"138,209","136,606","125,952","-10,654","68,800","26,757",,,"2,179","5,909","19,638","2,669",,"2,067","2,747","5,805","3,727","-1,760","-15,401","-7,839",2.29,0.90,,"71,487","10,938",,188,"82,613","11,073","9,992","83,694","125,952","136,606",1.45,1.35
PACE,08Feb2020,Mountain,N,"133,817","129,877","120,442","-9,435","57,709","23,765",,,"1,853","6,886","27,492","2,737",,-657,"3,644","3,864","1,735","-1,313","-11,151","-5,557",2.30,0.90,,"60,119","9,751",,241,"70,110","7,975","7,263","70,821","120,442","129,877",1.28,1.20
PACE,09Feb2020,Mountain,N,"132,839","128,919","111,999","-16,920","65,840","24,671",,,"1,958","3,811","12,918","2,801",,"-1,284","6,935","2,210","1,643","-3,054","-14,881","-8,489",2.30,0.91,,"68,654","10,134",,133,"78,920","13,034","9,442","82,512","111,999","128,919",1.55,1.41
PACE,10Feb2020,Mountain,N,"143,239","139,322","116,900","-22,422","65,063","28,096",,,"1,916","7,202","12,303","2,320",,287,-684,"2,008","2,435","-4,315","-14,795","-7,358",2.29,0.90,,"67,660","11,482",,147,"79,289","13,116","5,210","87,195","116,900","139,322",1.50,1.38
PACE,11Feb2020,Mountain,N,"142,816","140,823","122,140","-18,683","61,975","26,471",,,"1,851","7,195","22,830","1,818",,631,-658,"2,950","3,804","-3,603","-15,549","-6,258",2.29,0.90,,"64,428","10,823",,208,"75,460","10,859","5,757","80,562","122,140","140,823",1.36,1.26
PACE,12Feb2020,Mountain,N,"142,116","139,187","119,714","-19,473","65,871","31,541",,,"1,904","6,936","11,687","1,775",,210,"1,300","2,642","1,997","-3,157","-12,969","-9,496",2.29,0.90,,"68,569","12,912",,138,"81,619","12,204","5,414","88,408","119,714","139,187",1.50,1.40
PACE,13Feb2020,Mountain,N,"140,274","136,831","123,453","-13,378","63,345","31,083",,,"1,969","7,184","18,181","1,691",,"-1,115","8,289","4,412","2,794","-3,704","-15,546","-8,508",2.30,0.90,,"65,953","12,696",,179,"78,829","13,341","9,872","82,298","123,453","136,831",1.41,1.33
PACE,14Feb2020,Mountain,N,"138,615","134,746","126,008","-8,738","51,276","30,129",,,"1,938","7,234","33,476","1,955",,"1,604","3,609","4,965","4,471","-3,034","-13,301","-7,052",2.30,0.90,,"53,538","12,353",,275,"66,166","9,473","8,002","67,638","126,008","134,746",1.16,1.11
PACE,15Feb2020,Mountain,N,"132,176","130,370","117,213","-13,157","54,121","23,680",,,"1,958","5,398","29,386","2,670",,"1,407","5,454","4,015",382,"-4,173","-12,480","-7,762",2.30,0.90,,"56,514","9,715",,243,"66,472","11,600","7,924","70,148","117,213","130,370",1.25,1.19
PACE,16Feb2020,Mountain,N,"129,349","127,433","108,570","-18,863","47,851","21,731",,,"1,932","2,473","31,880","2,703",,308,"2,498","4,238","-2,479","-1,596","-11,935","-9,897",2.30,0.90,,"49,907","8,893",,241,"59,041","12,445","5,752","65,733","108,570","127,433",1.20,1.14
PACE,17Feb2020,Mountain,N,"136,104","134,882","110,184","-24,698","58,802","24,914",,,"2,117","6,303","15,259","2,789",,"1,795","1,740","2,204",-954,"-2,694","-15,848","-10,941",2.30,0.90,,"61,393","10,214",,163,"71,770","14,664","5,329","81,105","110,184","134,882",1.44,1.33
PACE,18Feb2020,Mountain,N,"142,534","140,399","119,685","-20,714","72,042","27,543",,,"2,143","6,645","8,523","2,789",,"3,536","8,673",237,696,"-1,148","-22,352","-10,356",2.30,0.90,,"75,068","11,281",,124,"86,472","17,438","9,715","94,195","119,685","140,399",1.59,1.48
PACE,19Feb2020,Mountain,N,"143,323","141,035","118,341","-22,694","72,799","32,073",,,"2,140","7,641","1,109","2,579",,"3,088","11,372",856,-71,-758,"-22,174","-15,007",2.29,0.90,,"75,713","13,129",,83,"88,925","20,760","11,682","98,003","118,348","141,042",1.66,1.53
PACE,20Feb2020,Mountain,N,"142,687","141,195","130,144","-11,051","64,853","36,080",,,"2,351","7,871","16,294","2,695",,"2,233","10,116","1,766","1,937",-858,"-19,908","-6,356",2.30,0.90,,"67,673","14,804",,180,"82,657","13,221","10,705","85,173","130,144","141,214",1.40,1.33
PACE,21Feb2020,Mountain,N,"141,111","137,554","133,948","-3,606","64,763","36,416",,,"2,283","7,851","19,937","2,698",,"1,641","18,862","2,646","4,771","-2,234","-23,059","-6,233",2.30,0.91,,"67,673","14,978",,202,"82,853","15,613","16,887","81,580","133,948","137,554",1.36,1.31
PACE,22Feb2020,Mountain,N,"134,313","130,942","116,203","-14,739","55,200","29,297",,,"2,411","4,130","22,463","2,702",,-506,"10,287","1,556","1,453","-4,466","-13,892","-9,171",2.31,0.91,,"57,723","12,044",,196,"69,963","14,302","8,642","75,624","116,203","130,942",1.33,1.27
PACE,23Feb2020,Mountain,N,"128,329","127,074","105,309","-21,765","53,829","27,032",,,"2,386","6,329","13,081","2,652",,"-2,371","8,847","2,367",78,"-1,873","-14,446","-14,367",2.30,0.91,,"56,177","11,111",,151,"67,439","17,577","8,511","76,504","105,309","127,074",1.41,1.33
PACE,24Feb2020,Mountain,N,"139,972","135,319","127,151","-8,168","54,903","29,250",,,"2,393","7,912","30,089","2,604",,-91,"7,745","4,371","2,918","-1,511","-13,001","-8,599",2.30,0.90,,"57,338","11,995",,265,"69,598","10,470","8,812","71,257","127,151","135,319",1.21,1.16
PACE,25Feb2020,Mountain,N,"142,546","137,101","128,418","-8,683","64,700","33,898",,,"2,634","8,744","15,735","2,707",,"1,158","13,976","2,657","4,233","-1,802","-19,690","-9,215",2.30,0.91,,"67,522","13,933",,184,"81,639","15,215","14,385","82,469","128,418","137,101",1.40,1.33
PACE,26Feb2020,Mountain,N,"142,468","136,514","134,043","-2,471","58,683","36,172",,,"2,370","8,500","25,681","2,637",,"1,629","9,879","4,449","4,672","-1,920","-15,520","-5,660",2.30,0.90,,"61,155","14,812",,242,"76,209","10,281","12,123","74,367","134,043","136,514",1.25,1.20
PACE,27Feb2020,Mountain,N,"137,205","133,320","133,789",469,"61,065","34,020",,,"2,341","8,626","25,163","2,574",,"2,534","12,405","4,865","6,461","-2,297","-17,307","-6,192",2.30,0.90,,"63,759","13,921",,239,"77,919","11,761","15,297","74,382","133,789","133,320",1.28,1.23
PACE,28Feb2020,Mountain,N,"133,766","129,944","121,521","-8,423","57,788","24,294",,,"2,374","6,539","27,980","2,546",,"1,318","8,675","3,312","3,490","-2,399","-16,239","-6,580",2.30,0.90,,"60,344","9,941",,243,"70,528","11,461","9,644","72,346","121,521","129,944",1.28,1.23
PACE,29Feb2020,Mountain,N,"128,703","122,472","107,816","-14,656","42,563","22,173",,,"2,391","4,607","33,798","2,284",,"-1,977","7,606","3,265",150,-800,"-12,956","-9,944",2.31,0.91,,"44,588","9,118",,266,"53,971","12,221","6,415","59,777","107,816","122,472",1.10,1.08
PACE,01Mar2020,Mountain,N,"130,691","126,692","106,424","-20,268","66,381","24,273",,,"2,453","3,446","7,824","2,047",,-520,"13,646","1,819","1,717",-546,"-20,069","-16,315",2.30,0.91,,"69,397","9,974",,97,"79,468","20,313","12,837","86,945","106,424","126,692",1.65,1.51
PACE,02Mar2020,Mountain,N,"141,365","137,199","117,881","-19,318","57,862","22,487",,,"2,616","6,117","26,916","1,883",,640,"5,721","2,497","2,415","-1,878","-17,547","-11,166",2.30,0.90,,"60,337","9,190",,232,"69,758","14,458","6,782","77,434","117,881","137,199",1.30,1.24
PACE,03Mar2020,Mountain,N,"138,795","135,458","123,280","-12,178","55,323","24,636",,,"3,043","7,908","29,584","2,786",,850,"6,570","2,278","2,152","-2,074","-16,205","-5,749",2.30,0.90,,"57,615","10,069",,267,"67,951","9,284","7,238","69,997","123,280","135,458",1.22,1.14
PACE,04Mar2020,Mountain,N,"133,569","130,800","124,959","-5,841","52,147","23,459",,,"2,778","8,965","34,868","2,742",,284,"13,414","4,587","3,537",-831,"-17,538","-9,294",2.30,0.90,,"54,356","9,599",,305,"64,260","12,998","11,917","65,342","124,959","130,800",1.13,1.10
PACE,05Mar2020,Mountain,N,"130,913","125,560","113,604","-11,956","60,631","24,481",,,"2,807","8,694","14,282","2,709",,"1,080","15,478","2,335","3,177","-1,039","-23,680","-9,307",2.30,0.91,,"63,266","10,057",,176,"73,499","17,676","14,704","76,471","113,604","125,560",1.43,1.34
PACE,06Mar2020,Mountain,N,"128,758","123,189","116,723","-6,466","63,082","17,802",,,"2,811","7,269","22,936","2,823",,"1,333","16,259","2,145","4,298",-726,"-23,416","-6,359",2.30,0.90,,"65,841","7,302",,221,"73,364","14,716","15,198","72,882","116,723","123,189",1.39,1.30
PACE,07Mar2020,Mountain,N,"124,835","119,689","114,694","-4,995","65,498","12,702",,,"2,860","5,488","25,282","2,864",,622,"18,460","2,437","3,285",-630,"-20,247","-8,922",2.30,0.91,,"68,427","5,226",,225,"73,878","15,331","16,759","72,449","114,694","119,689",1.42,1.33
PACE,08Mar2020,Mountain,N,"119,003","114,978","101,544","-13,434","60,646","16,382",,,"3,223","3,985","14,567","2,741",,"-1,781","19,049","2,091",246,239,"-16,019","-17,259",2.30,0.91,,"63,334","6,754",,151,"70,239","20,066","16,186","74,119","101,544","114,978",1.52,1.42
PACE,09Mar2020,Mountain,N,"130,312","127,540","118,950","-8,590","69,122","16,838",,,"3,844","6,326","20,000","2,820",,169,"19,991","3,091","2,848",-89,"-22,990","-11,610",2.30,0.90,,"72,083","6,889",,204,"79,176","19,099","17,599","80,676","118,950","127,540",1.47,1.39
PACE,10Mar2020,Mountain,N,"129,157","123,987","114,589","-9,398","57,935","21,092",,,"4,194","5,571","22,941","2,856",,"1,785","19,176","3,015","4,782","-1,587","-28,433","-8,136",2.30,0.90,,"60,359","8,613",,220,"69,191","19,504","16,681","72,014","114,589","123,987",1.33,1.28
PACE,11Mar2020,Mountain,N,"129,752","123,990","117,184","-6,806","47,225","24,958",,,"3,883","7,369","30,927","2,822",,"1,930","15,686","4,102","4,378","-1,694","-22,274","-8,935",2.30,0.90,,"49,198","10,214",,278,"59,690","15,502","13,318","61,874","117,184","123,991",1.12,1.10
PACE,12Mar2020,Mountain,N,"128,762","123,038","124,153","1,115","68,602","26,966",,,"3,898","8,561","13,254","2,872",,"4,950","22,647","5,177","8,419",347,"-26,122","-14,303",2.30,0.91,,"71,452","11,098",,176,"82,727","22,690","26,651","78,765","124,153","123,038",1.47,1.41
PACE,13Mar2020,Mountain,N,"130,664","125,413","123,772","-1,641","71,622","27,781",,,"3,826","2,320","15,380","2,843",,"3,897","26,885","2,765","4,658",680,"-28,329","-12,197",2.29,0.90,,"74,522","11,391",,150,"86,063","22,917","26,246","82,734","123,772","125,413",1.53,1.45
PACE,14Mar2020,Mountain,N,"120,995","123,194","123,288",94,"73,054","22,607",,,"3,786","5,626","15,394","2,821",,"1,171","28,897","3,668","1,657","1,935","-23,555","-13,679",2.29,0.90,,"75,909","9,235",,171,"85,315","21,806","25,686","81,434","123,288","123,194",1.53,1.46
PACE,15Mar2020,Mountain,N,"118,256","118,997","125,889","6,892","73,817","23,604",,,"3,821","8,324","13,354","2,969",,"3,160","31,556","3,172","2,391","3,752","-24,091","-13,048",2.29,0.90,,"76,669","9,663",,176,"86,508","20,578","28,977","78,110","125,889","118,997",1.51,1.45
PACE,16Mar2020,Mountain,N,"129,168","126,505","123,796","-2,709","80,534","25,381",,,"3,956","6,710","4,368","2,847",,"3,935","28,232","1,310","4,345","1,301","-25,783","-16,049",2.29,0.90,,"83,716","10,376",,110,"94,202","24,715","28,009","90,908","123,796","126,505",1.68,1.58
PACE,17Mar2020,Mountain,N,"128,751","125,177","120,873","-4,304","70,238","24,755",,,"4,490","8,512","9,898","2,980",,"1,647","23,883","2,462","3,528",164,"-20,865","-15,123",2.29,0.90,,"73,080","10,140",,160,"83,379","21,275","22,376","82,279","120,873","125,177",1.52,1.45
PACE,18Mar2020,Mountain,N,"128,321","120,375","111,483","-8,892","72,828","19,055",,,"4,549","3,602","8,451","2,998",,"2,140","22,535",319,"3,651","-1,001","-24,236","-12,293",2.30,0.90,,"75,834","7,803",,121,"83,759","21,906","20,987","84,677","111,483","120,368",1.66,1.55
PACE,19Mar2020,Mountain,N,"130,361","125,795","102,801","-22,994","68,857","16,481",,,"4,598","4,519","5,449","2,897",,"-1,461","17,236",288,"1,167","-1,212","-22,000","-17,012",2.30,0.91,,"71,809","6,778",,108,"78,694","23,930","14,713","87,911","102,801","125,795",1.69,1.54
PACE,20Mar2020,Mountain,N,"130,018","126,915","100,042","-26,873","66,647","15,566",,,"4,565","5,989","4,323","2,952",,-43,"8,970",562,"1,117","-2,231","-20,255","-14,993",2.29,0.90,,"69,337","6,385",,110,"75,832","21,776","9,047","88,562","100,042","126,915",1.67,1.54
PACE,21Mar2020,Mountain,N,"123,140","118,650","99,235","-19,415","57,437","14,463",,,"4,308","5,921","14,119","2,987",,"-1,343","8,204","1,198",370,"-2,128","-15,777","-9,939",2.29,0.90,,"59,689","5,913",,169,"65,770","15,855","7,918","73,707","99,235","118,650",1.46,1.37
PACE,22Mar2020,Mountain,N,"118,994","115,792","103,468","-12,324","53,696","14,333",,,"4,300","8,185","19,981","2,973",,"-1,074","13,979","2,393","1,159","-1,897","-15,280","-11,604",2.29,0.90,,"55,772","5,869",,219,"61,860","16,838","11,773","66,925","103,468","115,792",1.32,1.27
PACE,23Mar2020,Mountain,N,"127,638","123,549","95,032","-28,517","49,518","14,696",,,"4,525","4,748","18,612","2,933",,"-2,315","4,661","1,519","-2,345","-1,772","-18,222","-10,037",2.29,0.90,,"51,486","6,010",,190,"57,686","15,725","4,314","69,098","95,032","123,543",1.34,1.23
PACE,24Mar2020,Mountain,N,"127,908","119,567","102,831","-16,736","43,626","15,003",,,"5,017","8,058","28,254","2,873",,"-1,452","11,056","2,215",-342,"-1,663","-20,803","-5,747",2.29,0.90,,"45,412","6,147",,273,"51,832","13,760","7,950","57,642","102,831","119,567",1.11,1.06
PACE,25Mar2020,Mountain,N,"128,067","118,092","98,338","-19,754","48,738","13,998",,,"5,034","7,816","19,923","2,829",,"-1,355","11,663",524,677,-435,"-21,815","-9,013",2.30,0.90,,"50,791","5,744",,220,"56,755","15,314","8,339","63,730","98,338","118,092",1.27,1.19
PACE,26Mar2020,Mountain,N,"127,118","119,121","88,706","-30,415","48,856","14,653",,,"5,293","5,978","11,009","2,917",,"-1,815","6,223",337,-474,"-2,709","-22,898","-9,079",2.29,0.90,,"50,806","5,999",,156,"56,961","16,982","5,628","68,315","88,706","119,121",1.42,1.26
PACE,27Mar2020,Mountain,N,"126,619","118,447","83,905","-34,542","47,073","14,985",,,"5,293","6,966","6,595","2,993",,"-2,565","5,056",273,"-1,427","-2,216","-21,705","-11,958",2.29,0.90,,"48,871","6,125",,135,"55,132","19,230","4,853","69,508","83,905","118,447",1.45,1.29
PACE,28Mar2020,Mountain,N,"121,399","114,236","95,983","-18,253","47,438","14,200",,,"4,767","7,833","18,753","2,992",,-955,"10,286","1,829","1,102","-1,077","-17,581","-11,857",2.30,0.91,,"49,454","5,845",,212,"55,510","14,813","7,985","62,338","95,983","114,236",1.28,1.20
PACE,29Mar2020,Mountain,N,"116,680","109,553","87,474","-22,079","46,572","14,003",,,"4,609","5,714","13,600","2,976",,"-1,930","10,903",834,-557,"-1,809","-18,850","-10,670",2.30,0.90,,"48,489","5,744",,166,"54,398","16,997","8,305","63,090","87,474","109,553",1.37,1.27
PACE,30Mar2020,Mountain,N,"124,872","114,322","91,669","-22,653","44,663","13,661",,,"4,477","8,971","16,939","2,958",,"-2,695","9,369","2,691",-464,"-1,645","-19,733","-10,176",2.30,0.90,,"46,504","5,594",,206,"52,304","16,569","7,426","61,447","91,669","114,322",1.26,1.18
PACE,31Mar2020,Mountain,N,"121,734","114,039","99,899","-14,140","39,601","13,635",,,"4,435","9,363","29,891","2,974",,-108,"7,652","3,992","1,175","-1,874","-17,916","-7,061",2.29,0.90,,"41,223","5,581",,288,"47,091","11,887","6,715","52,263","99,899","114,039",1.04,1.01
PACE,01Apr2020,Mountain,N,"123,977","109,024","91,299","-17,725","44,786","14,536",,,"4,250","8,339","16,484","2,904",,"-1,476","10,005","1,624",-277,"-1,715","-13,674","-12,212",2.30,0.91,,"46,785","5,972",,197,"52,954","15,006","8,092","59,868","91,299","109,024",1.28,1.21
PACE,02Apr2020,Mountain,N,"126,899","116,086","96,821","-19,265","58,887","15,579",,,"5,069","7,587","6,656","3,043",,"-2,343","10,089",767,-565,"-1,138","-13,910","-12,165",2.30,0.91,,"61,311","6,396",,138,"67,845","15,027","8,441","74,431","96,821","116,086",1.54,1.41
PACE,03Apr2020,Mountain,N,"121,663","110,157","90,193","-19,964","51,705","13,953",,,"4,679","8,993","7,873","2,990",,"-2,530","10,160","1,330","-1,185","-1,868","-15,698","-10,173",2.29,0.90,,"53,703","5,707",,151,"59,562","14,799","8,169","66,192","90,193","110,157",1.46,1.32
PACE,04Apr2020,Mountain,N,"113,594","106,431","97,965","-8,466","55,086","14,315",,,"4,650","9,993","10,949","2,972",,-749,"15,103",570,397,"-1,405","-13,146","-9,236",2.29,0.90,,"57,105","5,839",,176,"63,120","12,454","11,518","64,056","97,965","106,431",1.42,1.33
PACE,05Apr2020,Mountain,N,"110,965","105,350","103,629","-1,721","55,211","15,915",,,"5,054","8,422","16,009","3,018",,144,"22,291",835,"3,236",466,"-16,556","-12,137",2.29,0.90,,"57,339","6,504",,201,"64,044","15,127","16,202","62,968","103,629","105,350",1.36,1.32
PACE,06Apr2020,Mountain,N,"120,266","111,563","105,606","-5,957","55,882","14,469",,,"5,613","5,574","21,133","2,935",,-725,"19,486",784,"2,477","-1,658","-15,450","-10,871",2.30,0.90,,"58,187","5,923",,218,"64,328","14,425","13,856","64,897","105,606","111,563",1.34,1.28
PACE,07Apr2020,Mountain,N,"121,760","109,152","105,196","-3,956","43,309","14,884",,,"6,187","9,519","28,320","2,977",,-732,"12,152",742,"2,673","-1,759","-8,909","-8,123",2.29,0.90,,"45,041","6,083",,290,"51,414","9,158","8,701","51,871","105,196","109,152",1.08,1.05
PACE,08Apr2020,Mountain,N,"121,253","109,456","105,518","-3,938","61,630","16,019",,,"5,699","7,559","11,608","3,003",,"1,781","23,173","1,206","4,444",-245,"-20,518","-13,784",2.29,0.90,,"64,002","6,565",,172,"70,739","18,356","19,637","69,457","105,518","109,461",1.48,1.40
PACE,09Apr2020,Mountain,N,"120,137","109,434","106,992","-2,442","68,518","15,712",,,"6,135","7,623","5,954","3,050",,"3,259","22,188","1,704","6,575",-670,"-21,260","-14,238",2.29,0.90,,"71,058","6,446",,141,"77,644","20,627","23,236","75,035","106,992","109,434",1.60,1.51
PACE,10Apr2020,Mountain,N,"116,210","108,003","101,272","-6,731","51,258","14,052",,,"5,682","9,497","17,758","3,025",,"1,581","13,539","1,187","5,152","-1,970","-14,829","-11,391",2.29,0.90,,"53,290","5,762",,222,"59,274","13,533","12,649","60,158","101,272","108,003",1.29,1.23
PACE,11Apr2020,Mountain,N,"109,012","109,259","92,327","-16,932","43,103","10,728",,,"5,631","8,691","21,213","2,961",,"-1,254","6,554",648,"1,862",-641,"-10,407","-13,694",2.29,0.91,,"44,809","4,406",,238,"49,452","13,425","6,275","56,603","92,327","109,259",1.18,1.14
PACE,12Apr2020,Mountain,N,"108,148","108,009","94,964","-13,045","54,494","13,766",,,"5,653","8,392","9,734","2,925",,-404,"14,097",983,"2,849",-34,"-13,405","-17,131",2.29,0.91,,"56,590","5,667",,165,"62,422","16,924","12,883","66,462","94,964","108,009",1.45,1.36
PACE,13Apr2020,Mountain,N,"118,318","117,482","100,397","-17,085","58,281","16,140",,,"5,810","9,157","8,032","2,977",,-246,"8,820","1,408",260,"-2,256","-14,163","-10,908",2.29,0.90,,"60,580","6,608",,160,"67,349","16,011","9,743","73,617","100,397","117,482",1.48,1.38
PACE,14Apr2020,Mountain,N,"121,386","115,810","105,838","-9,972","46,789","17,876",,,"5,783","10,626","21,748","3,016",,640,"9,303","1,529","2,178","-2,786","-15,543","-5,293",2.29,0.90,,"48,603","7,309",,254,"56,167","10,496","8,155","58,508","105,838","115,810",1.17,1.11
PACE,15Apr2020,Mountain,N,"121,789","116,024","101,441","-14,583","51,097","16,367",,,"5,709","8,129","17,390","2,749",,"-1,524","5,204","2,243","1,388","-3,137","-10,356","-8,401",2.29,0.90,,"53,192","6,707",,210,"60,108","11,763","6,738","65,133","101,441","116,024",1.31,1.24
PACE,16Apr2020,Mountain,N,"121,967","114,543","100,049","-14,494","59,735","13,538",,,"5,406","7,409","11,112","2,849",,-350,"9,921","1,973","2,079","-2,311","-15,705","-10,101",2.30,0.90,,"62,195","5,555",,165,"67,916","14,658","10,190","72,384","100,049","114,543",1.50,1.39
PACE,17Apr2020,Mountain,N,"118,575","113,173","100,721","-12,452","52,478","12,430",,,"5,728","8,474","18,676","2,935",,-507,"11,378","1,011","1,392","-2,800","-13,449","-9,477",2.29,0.90,,"54,622","5,084",,221,"59,927","13,233","8,693","64,468","100,721","113,173",1.31,1.26
PACE,18Apr2020,Mountain,N,"110,786","107,007","91,874","-15,133","51,857","11,687",,,"6,044","6,208","13,153","2,925",,"-1,531","9,379","1,177",716,"-1,405","-12,729","-10,740",2.30,0.91,,"53,984","4,804",,175,"58,963","13,267","8,487","63,744","91,874","107,007",1.41,1.31
PACE,19Apr2020,Mountain,N,"108,116","107,400","86,413","-20,987","48,841","11,523",,,"5,613","6,644","10,840","2,952",,"-2,462","5,981","1,008",-363,"-1,794","-12,033","-11,324",2.29,0.90,,"50,766","4,714",,161,"55,641","14,146","5,671","64,116","86,413","107,400",1.42,1.32
PACE,20Apr2020,Mountain,N,"116,556","111,289","94,062","-17,227","58,672","11,968",,,"5,607","7,991","6,897","2,927",,-886,"10,736",712,"1,235","-2,999","-14,934","-11,091",2.29,0.90,,"60,964","4,903",,145,"66,012","15,614","9,369","72,257","94,062","111,289",1.55,1.43
PACE,21Apr2020,Mountain,N,"118,592","111,716","90,871","-20,845","53,447","16,458",,,"5,609","6,844","5,596","2,917",,"-1,009","5,166",554,390,"-2,362","-13,920","-9,664",2.29,0.90,,"55,488","6,729",,129,"62,346","12,685","6,978","68,053","90,871","111,716",1.51,1.34
PACE,22Apr2020,Mountain,N,"119,278","109,973","102,466","-7,507","51,605","17,389",,,"5,451","10,495","14,591","2,935",,4,"10,054","3,220","3,122","-2,863","-12,159","-8,885",2.30,0.90,,"53,727","7,133",,207,"61,066","11,557","11,434","61,189","102,466","109,973",1.31,1.23
PACE,23Apr2020,Mountain,N,"118,975","113,758","99,426","-14,332","49,346","14,700",,,"5,748","7,917","18,806","2,909",,577,"3,170","3,965","2,351","-2,216","-13,376","-8,803",2.29,0.90,,"51,323","6,025",,218,"57,567","11,186","8,424","60,329","99,426","113,758",1.28,1.17
PACE,24Apr2020,Mountain,N,"116,493","106,597","109,440","2,843","57,817","21,400",,,"5,451","10,698","11,155","2,919",,"2,342","16,118","3,881","5,971","-1,974","-12,890","-10,605",2.30,0.90,,"60,199","8,783",,187,"69,169","12,211","17,303","64,078","109,440","106,597",1.39,1.33
PACE,25Apr2020,Mountain,N,"110,297","101,827","106,535","4,708","56,835","21,619",,,"5,432","9,581","10,175","2,893",,"2,983","19,383","3,419","5,931","-2,085","-15,553","-9,370",2.29,0.90,,"58,997","8,841",,173,"68,012","13,769","19,840","61,940","106,535","101,827",1.41,1.34
PACE,26Apr2020,Mountain,N,"109,363","100,841","99,429","-1,412","45,495","19,343",,,"5,392","7,966","18,381","2,852",,"1,395","13,100","3,357","4,953","-2,946","-14,027","-7,244",2.30,0.90,,"47,384","7,922",,214,"55,520","11,167","13,249","53,437","99,429","100,841",1.23,1.17
PACE,27Apr2020,Mountain,N,"124,859","108,293","97,480","-10,813","38,711","19,406",,,"5,259","9,591","21,735","2,778",,"1,044","4,920","3,033","3,325","-2,977","-12,448","-7,710",2.29,0.90,,"40,296","7,936",,243,"48,474","10,163","7,271","51,367","97,480","108,293",1.10,1.05
PACE,28Apr2020,Mountain,N,"119,603","103,710","100,780","-2,930","46,044","20,900",,,"5,315","10,646","15,013","2,862",,764,"15,398","3,014","4,904","-3,197","-12,804","-11,009",2.29,0.90,,"47,919","8,573",,209,"56,700","12,730","14,133","55,298","100,780","103,710",1.24,1.18
PACE,29Apr2020,Mountain,N,"124,706","111,493","100,709","-10,784","59,290","18,176",,,"5,876","10,483","4,086","2,798",,"2,200","11,234","3,121","6,236","-3,915","-16,977","-12,683",2.29,0.91,,"61,681","7,463",,143,"69,287","16,333","15,388","70,232","100,709","111,493",1.52,1.39
PACE,30Apr2020,Mountain,N,"122,499","109,047","92,235","-16,812","41,365","15,618",,,"5,328","8,456","18,723","2,745",,-592,"2,065","3,015","2,740","-4,199","-12,299","-7,542",2.29,0.90,,"43,020","6,386",,218,"49,623","10,414","5,418","54,620","92,235","109,047",1.19,1.10
PACE,01May2020,Mountain,N,"119,881","107,417","103,632","-3,785","58,075","16,720",,,"4,964","9,199","11,823","2,851",,808,"12,195","3,149","4,084","-2,433","-9,624","-11,964",2.29,0.90,,"60,427","6,849",,178,"67,453","12,088","13,451","66,090","103,632","107,417",1.43,1.36
PACE,02May2020,Mountain,N,"110,838","103,140","81,395","-21,745","41,065","16,170",,,"4,837","9,762","6,726","2,835",,"-1,795","6,050","2,712",987,"-4,007","-13,888","-11,804",2.29,0.90,,"42,684","6,613",,149,"49,446","14,855","6,787","57,514","81,395","103,140",1.34,1.23
PACE,03May2020,Mountain,N,"109,006","105,848","81,006","-24,842","31,666","15,106",,,"4,834","9,313","17,260","2,827",,"-1,078","-1,671","1,898",888,"-3,027","-13,021","-8,831",2.29,0.90,,"32,935","6,184",,211,"39,330","10,879","3,347","46,862","81,006","105,848",1.07,0.98
PACE,04May2020,Mountain,N,"117,806","114,525","96,623","-17,902","44,987","19,080",,,"4,885","11,546","13,225","2,900",,"1,768","6,607","2,276","2,334","-1,513","-17,196","-12,178",2.30,0.90,,"46,873","7,815",,201,"54,889","13,360","8,014","60,235","96,623","114,525",1.25,1.16
PACE,05May2020,Mountain,N,"115,640","111,798","105,528","-6,270","56,828","18,170",,,"4,938","11,541","11,187","2,864",,"9,167","7,605","2,108","4,370","-1,904","-18,182","-9,434",2.30,0.90,,"59,200","7,430",,188,"66,818","12,644","13,897","65,565","105,528","111,798",1.40,1.29
PACE,06May2020,Mountain,N,"118,502","114,304","98,039","-16,265","46,938","16,410",,,"5,589","9,431","16,866","2,805",,"7,463",-420,"4,389","1,478","-2,494","-17,491","-9,190",2.30,0.90,,"48,889","6,705",,214,"55,809","11,610","8,686","58,733","98,039","114,304",1.25,1.13
PACE,07May2020,Mountain,N,"118,772","111,282","114,415","3,133","55,434","20,682",,,"5,171","11,353","18,874","2,901",,"7,289","12,747","4,649","4,331","-1,122","-14,276","-10,485",2.30,0.90,,"57,854","8,474",,236,"66,564","10,859","16,517","60,906","114,415","111,282",1.28,1.21
PACE,08May2020,Mountain,N,"118,221","111,722","109,274","-2,448","57,902","23,876",,,"5,561","11,083","7,979","2,873",,"1,510","16,028","3,682","4,797","-2,074","-16,108","-10,283",2.30,0.90,,"60,384","9,788",,170,"70,342","12,497","16,256","66,584","109,274","111,722",1.42,1.31
PACE,09May2020,Mountain,N,"112,179","110,572","103,462","-7,110","55,480","21,447",,,"6,216","9,355","8,032","2,932",,"2,298","12,927","2,688","4,348","-1,836","-17,895","-9,640",2.30,0.91,,"57,833","8,807",,164,"66,804","12,837","15,063","64,577","103,462","110,572",1.42,1.29
PACE,10May2020,Mountain,N,"113,341","103,520","91,917","-11,603","47,817","19,978",,,"5,575","8,988","6,738","2,821",,"4,320","4,614","2,453","1,454","-3,370","-11,242","-9,832",2.30,0.90,,"49,783","8,195",,149,"58,126","11,024","10,039","59,111","91,917","103,520",1.39,1.26
PACE,11May2020,Mountain,N,"124,404","116,598","103,103","-13,495","51,724","21,154",,,"5,473","9,566","12,370","2,816",,"4,414","7,558","1,693",511,"-2,720","-13,702","-11,249",2.30,0.90,,"53,845","8,655",,187,"62,687","12,558","9,900","65,344","103,103","116,598",1.34,1.24
PACE,12May2020,Mountain,N,"122,088","116,580","105,212","-11,368","51,970","18,189",,,"5,314","10,288","16,667","2,784",,48,"9,848","2,580",888,"-2,440","-10,937","-11,355",2.29,0.90,,"54,011","7,429",,216,"61,656","11,027","8,734","63,950","105,212","116,580",1.29,1.21
PACE,13May2020,Mountain,N,"122,071","110,596","93,427","-17,169","39,693","17,190",,,"5,368","8,662","19,670","2,844",,"-4,453","6,844","3,135",-43,"-1,222","-10,200","-11,230",2.29,0.91,,"41,279","7,061",,226,"48,565","12,366","6,466","54,465","93,427","110,596",1.15,1.09
PACE,14May2020,Mountain,N,"121,423","109,215","103,624","-5,591","56,963","16,344",,,"6,031","8,371","13,078","2,837",,-267,"12,022","3,046","2,301","-1,455","-13,952","-7,286",2.29,0.90,,"59,155","6,690",,187,"66,032","9,492","11,473","64,051","103,624","109,215",1.40,1.29
PACE,15May2020,Mountain,N,"119,415","109,190","102,582","-6,608","53,015","16,581",,,"5,348","9,793","14,977","2,868",,"2,977","5,246","2,752","3,081","-2,703","-11,338","-6,623",2.29,0.90,,"55,154","6,788",,204,"62,146","8,747","9,651","61,241","102,582","109,190",1.34,1.24
PACE,16May2020,Mountain,N,"113,994","105,265","101,065","-4,200","60,495","17,632",,,"5,203","9,440","5,437","2,858",,"6,203","6,086","1,901","3,898","-2,925","-12,293","-7,070",2.29,0.90,,"62,943","7,227",,142,"70,311","9,695","13,522","66,484","101,065","105,265",1.53,1.39
PACE,17May2020,Mountain,N,"116,974","109,036","105,295","-3,741","57,459","16,904",,,"5,144","8,536","14,500","2,752",,"6,014","7,626","1,596",715,"-1,435","-11,201","-7,056",2.30,0.91,,"59,821","6,953",,191,"66,965","9,404","11,946","64,423","105,295","109,036",1.40,1.30
PACE,18May2020,Mountain,N,"135,135","126,398","113,246","-13,152","61,644","16,709",,,"4,999","10,687","16,516","2,691",,"4,587","2,121","1,819",-118,"-3,233","-8,563","-9,765",2.30,0.90,,"64,174","6,853",,215,"71,243","8,866","6,524","73,585","113,246","126,398",1.39,1.28
PACE,19May2020,Mountain,N,"125,731","120,755","97,387","-23,368","50,334","15,078",,,"4,820","8,599","15,830","2,726",,"2,154",-896,"1,539","-2,107","-5,983","-9,098","-8,977",2.29,0.90,,"52,280","6,177",,197,"58,654","9,069","3,256","64,468","97,387","120,755",1.33,1.18
PACE,20May2020,Mountain,N,"121,495","115,488","91,776","-23,712","41,907","16,191",,,"5,772","7,401","17,676","2,829",,"-1,960","-3,173","2,336",-121,"-5,689","-8,257","-6,848",2.29,0.91,,"43,590","6,659",,208,"50,457","7,629","2,253","55,833","91,776","115,488",1.21,1.07
PACE,21May2020,Mountain,N,"121,249","115,698","98,997","-16,701","37,786","16,415",,,"5,849","9,944","26,794","2,209",,-824,"-5,565","3,066","1,884","-5,278","-7,435","-2,549",2.29,0.91,,"39,312","6,745",,277,"46,334","4,545","2,610","48,270","98,997","115,698",1.03,0.92
PACE,22May2020,Mountain,N,"119,510","117,164","87,696","-29,468","42,110","16,606",,,"5,193","9,505","11,487","2,795",,-825,"-11,425","2,354",591,"-6,054","-8,082","-6,027",2.29,0.90,,"43,768","6,806",,179,"50,752","7,362","2,383","55,731","87,696","117,164",1.28,1.05
PACE,23May2020,Mountain,N,"112,307","107,182","83,676","-23,506","33,903","16,833",,,"5,174","10,029","14,824","2,913",,"-1,569","-10,246","2,087",948,"-4,460","-3,530","-6,736",2.30,0.90,,"35,326","6,907",,203,"42,437","6,145","2,109","46,473","83,676","107,182",1.12,0.96
PACE,24May2020,Mountain,N,"107,921","103,982","84,840","-19,142","42,423","18,541",,,"5,066","10,415","5,628","2,767",,574,"-5,546","1,270",761,"-3,952","-4,011","-8,238",2.30,0.90,,"44,222","7,596",,147,"51,966","6,870","3,378","55,458","84,840","103,982",1.35,1.18
PACE,25May2020,Mountain,N,"113,930","108,717","94,297","-14,420","48,347","21,169",,,"5,430","11,812","4,590","2,949",,"2,706","-1,595","2,646","1,605","-4,132","-4,424","-11,226",2.30,0.90,,"50,404","8,646",,153,"59,202","8,767","6,211","61,758","94,297","108,717",1.38,1.25
PACE,26May2020,Mountain,N,"128,215","119,809","107,685","-12,124","56,657","20,262",,,"5,432","10,213","12,255","2,866",,"7,377",-737,"3,314","2,022","-4,651","-9,165","-10,284",2.30,0.90,,"59,042","8,263",,190,"67,495","9,942","8,997","68,440","107,685","119,809",1.38,1.26
PACE,27May2020,Mountain,N,"134,333","123,221","117,867","-5,354","66,918","23,205",,,"5,371","9,510","10,068","2,795",,"9,362","6,318","3,350","3,578","-2,070","-14,587","-11,305",2.30,0.90,,"69,697","9,464",,171,"79,331","13,038","14,574","77,796","117,867","123,221",1.48,1.39
PACE,28May2020,Mountain,N,"134,737","133,656","121,621","-12,035","72,735","26,198",,,"5,135","10,352","4,437","2,764",,"8,731","4,538","3,859","4,599","-4,051","-17,146","-12,565",2.30,0.90,,"75,826","10,740",,140,"86,707","15,629","15,993","86,343","121,621","133,656",1.57,1.42
PACE,29May2020,Mountain,N,"135,479","138,999","124,827","-14,172","72,729","26,810",,,"5,137","10,041","7,689","2,421",,"9,011","6,626","1,644","4,562","-3,527","-20,189","-12,299",2.29,0.90,,"75,687","10,993",,156,"86,836","16,535","15,096","88,276","124,827","138,999",1.53,1.40
PACE,30May2020,Mountain,N,"132,468","133,397","114,487","-18,910","68,470","19,775",,,"5,402","7,065","13,513",262,,"9,815",855,-230,"2,131","-4,414","-17,963","-9,104",2.29,0.91,,"71,239","8,126",,162,"79,527","12,985","10,724","81,788","114,487","133,397",1.53,1.35
PACE,31May2020,Mountain,N,"126,489","127,454","109,860","-17,594","57,567","20,132",,,"5,460","8,739","17,671",291,,"8,968","-4,619","2,958",890,"-4,579","-14,969","-6,237",2.29,0.91,,"59,877","8,277",,199,"68,353","9,312","8,075","69,591","109,860","127,448",1.37,1.20
PACE,01Jun2020,Mountain,N,"146,810","141,867","134,269","-7,598","71,749","25,408",,,"5,952","11,038","17,392","2,730",,"8,956","4,187","1,680","2,326","-2,985","-18,927","-2,835",2.29,0.90,,"74,587","10,416",,229,"85,232","8,749","11,300","82,682","134,269","141,867",1.40,1.28
PACE,02Jun2020,Mountain,N,"146,547","138,608","139,726","1,118","83,708","27,866",,,"5,799","7,811","11,794","2,748",,"10,480","9,652","6,572","2,712","-3,178","-18,795","-6,325",2.29,0.90,,"87,001","11,395",,174,"98,569","10,838","19,081","90,327","139,726","138,608",1.56,1.44
PACE,03Jun2020,Mountain,N,"146,045","141,395","147,859","6,464","84,456","28,774",,,"5,166","8,585","18,167","2,711",,"13,978","11,564","6,840","3,582","-3,697","-21,678","-4,125",2.29,0.90,,"87,790","11,730",,214,"99,734","11,312","22,626","88,420","147,859","141,395",1.49,1.38
PACE,04Jun2020,Mountain,N,"149,387","142,094","151,472","9,378","82,361","28,601",,,"5,780","9,684","22,359","2,687",,"13,644","11,074","4,324","4,709","-2,412","-16,585","-5,376",2.30,0.90,,"85,738","11,673",,250,"97,661","9,450","20,608","86,503","151,472","142,094",1.42,1.34
PACE,05Jun2020,Mountain,N,"156,410","140,830","136,248","-4,582","81,227","25,491",,,"5,879","8,057","12,922","2,672",,"10,136","10,054","4,019","1,865","-4,555","-18,612","-7,489",2.30,0.90,,"84,568","10,409",,182,"95,159","12,291","17,400","90,050","136,248","140,830",1.54,1.41
PACE,06Jun2020,Mountain,N,"134,789","123,486","103,563","-19,923","49,085","15,986",,,"6,045","8,275","21,331","2,841",,"7,009","-4,499","4,184","-1,606","-4,510","-12,289","-8,212",2.30,0.91,,"51,226","6,570",,238,"58,034","9,216","6,814","60,437","103,563","123,486",1.24,1.08
PACE,07Jun2020,Mountain,N,"111,086","109,156","87,125","-22,031","37,343","14,810",,,"5,516","6,465","20,094","2,897",,"4,510","-4,940","3,506","-1,131","-5,032","-8,710","-10,234",2.30,0.91,,"38,973","6,096",,216,"45,285","9,163","4,863","49,585","87,125","109,156",1.15,1.00
PACE,08Jun2020,Mountain,N,"116,004","115,875","97,686","-18,189","42,832","19,756",,,"5,727","8,696","17,710","2,965",,"6,772","-8,292","4,933",416,"-5,927","-7,905","-8,186",2.30,0.90,,"44,753","8,106",,217,"53,076","7,558","6,434","54,200","97,686","115,875",1.20,1.03
PACE,09Jun2020,Mountain,N,"120,353","113,681","113,116",-565,"47,118","23,984",,,"5,888","11,754","21,453","2,919",,"7,532","8,629","3,570","1,585","-3,282","-10,951","-7,648",2.31,0.91,,"49,309","9,851",,259,"59,419","8,068","10,919","56,568","113,116","113,681",1.16,1.10
PACE,10Jun2020,Mountain,N,"123,614","119,911","116,083","-3,828","58,589","23,036",,,"5,820","11,666","14,123","2,849",,"11,034","7,079","3,177",135,"-3,356","-11,973","-9,924",2.31,0.91,,"61,316","9,490",,213,"71,019","10,379","12,902","68,496","116,083","119,911",1.35,1.26
PACE,11Jun2020,Mountain,N,"134,236","132,061","126,733","-5,328","73,063","26,867",,,"5,749","11,627","6,673","2,754",,"10,666","4,026","3,487",635,"-1,618","-13,407","-9,117",2.30,0.91,,"76,300","11,040",,165,"87,505","9,725","13,421","83,809","126,733","132,061",1.52,1.40
PACE,12Jun2020,Mountain,N,"145,827","140,522","125,808","-14,714","71,247","23,693",,,"5,728","10,858","11,629","2,653",,"6,162","1,990","4,072",-320,"-2,302","-15,852","-8,464",2.30,0.91,,"74,290","9,727",,191,"84,207","10,522","8,706","86,023","125,808","140,522",1.48,1.35
PACE,13Jun2020,Mountain,N,"132,427","133,008","111,314","-21,694","50,783","18,893",,,"5,672","9,513","23,824","2,629",,"2,785","-4,657","2,836",-763,"-2,999","-9,131","-9,765",2.30,0.91,,"52,913","7,769",,257,"60,939","9,383","4,511","65,811","111,314","133,008",1.21,1.09
PACE,14Jun2020,Mountain,N,"125,045","120,233","104,157","-16,076","41,803","18,512",,,"5,617","11,676","23,772","2,777",,"1,930",-884,"4,674","-1,047","-3,518","-7,917","-9,314",2.30,0.91,,"43,520","7,605",,271,"51,396","8,651","5,220","54,827","104,157","120,233",1.09,1.01
PACE,15Jun2020,Mountain,N,"133,751","131,902","113,572","-18,330","58,649","27,154",,,"5,565","10,273","9,202","2,729",,"4,808","2,222","2,474",71,"-3,648","-13,985","-10,272",2.29,0.90,,"61,051","11,118",,171,"72,341","12,131","6,694","77,778","113,572","131,902",1.40,1.30
PACE,16Jun2020,Mountain,N,"135,162","124,979","116,832","-8,147","58,748","23,247",,,"5,496","10,177","16,428","2,736",,"10,840",456,"1,800",-379,"-2,630","-9,127","-9,107",2.30,0.90,,"61,198","9,507",,215,"70,920","8,443","9,127","70,236","116,832","124,979",1.34,1.24
PACE,17Jun2020,Mountain,N,"126,977","118,070","104,506","-13,564","45,746","21,305",,,"5,538","10,988","18,100","2,829",,"9,599","-4,431","3,039",-81,"-3,680","-9,425","-8,585",2.30,0.90,,"47,696","8,711",,231,"56,639","8,844","7,772","57,710","104,506","118,070",1.19,1.08
PACE,18Jun2020,Mountain,N,"123,532","114,859","116,220","1,361","66,140","24,501",,,"5,685","11,891","5,136","2,867",,"9,991","7,819","3,917","3,647","-2,487","-10,027","-11,499",2.30,0.90,,"68,919","10,006",,158,"79,084","10,785","16,699","73,170","116,220","114,859",1.50,1.40
PACE,19Jun2020,Mountain,N,"121,797","119,361","123,808","4,447","72,586","23,549",,,"5,780","11,920","7,132","2,841",,"7,659","12,889","3,358","5,354","-1,634","-15,088","-8,091",2.30,0.90,,"75,596","9,607",,171,"85,374","10,431","18,764","77,041","123,808","119,361",1.52,1.42
PACE,20Jun2020,Mountain,N,"127,272","117,591","121,437","3,846","67,930","23,893",,,"5,917","10,791","10,128","2,778",,"8,317","8,313","4,742","3,432","-3,523","-10,237","-7,198",2.29,0.90,,"70,679","9,755",,183,"80,617","8,062","15,692","72,987","121,437","117,591",1.46,1.37
PACE,21Jun2020,Mountain,N,"131,664","127,625","114,310","-13,315","56,413","23,703",,,"5,903","10,616","14,948","2,727",,"7,195","-6,470","4,907","1,130","-3,699","-9,598","-6,780",2.30,0.90,,"58,847","9,694",,211,"68,752","7,819","8,675","67,896","114,310","127,625",1.33,1.17
PACE,22Jun2020,Mountain,N,"145,331","142,580","135,272","-7,308","83,438","28,417",,,"5,770","11,570","3,960","2,117",,"9,938","3,043","4,462","3,518","-2,402","-16,730","-9,137",2.30,0.90,,"86,970","11,613",,145,"98,727","12,191","16,751","94,168","135,272","142,580",1.61,1.46
PACE,23Jun2020,Mountain,N,"143,643","144,850","131,063","-13,787","80,173","30,694",,,"5,596","9,515","3,241","1,844",,"6,179","7,474","2,621","2,725","-2,720","-19,139","-10,927",2.30,0.90,,"83,517","12,561",,125,"96,202","14,277","13,078","97,401","131,063","144,850",1.62,1.48
PACE,24Jun2020,Mountain,N,"154,320","148,615","131,335","-17,280","79,404","30,337",,,"5,571","9,459","4,819","1,745",,"6,608","2,115","2,894","2,059","-3,829","-20,779","-6,348",2.30,0.90,,"82,671","12,426",,133,"95,230","11,067","9,806","96,491","131,335","148,615",1.60,1.43
PACE,25Jun2020,Mountain,N,"155,714","145,171","131,023","-14,148","72,916","33,062",,,"5,453","9,315","8,435","1,842",,"9,647","5,952",965,"2,018","-3,667","-20,383","-8,680",2.30,0.90,,"76,006","13,558",,155,"89,719","13,274","12,838","90,155","131,023","145,171",1.51,1.37
PACE,26Jun2020,Mountain,N,"154,656","144,264","132,829","-11,435","81,582","31,627",,,"5,384","9,590","2,676","1,970",,"10,537","10,521","2,391","3,005","-3,822","-24,509","-9,558",2.30,0.90,,"84,999","12,941",,121,"98,062","14,949","17,895","95,115","132,837","144,272",1.63,1.45
PACE,27Jun2020,Mountain,N,"154,964","143,429","142,389","-1,040","77,915","30,070",,,"5,589","10,191","15,896","2,728",,"8,243","12,036","5,461","5,589","-3,464","-20,444","-8,461",2.30,0.90,,"81,245","12,306",,212,"93,763","12,488","19,147","87,103","142,389","143,429",1.45,1.34
PACE,28Jun2020,Mountain,N,"141,467","131,218","117,303","-13,915","55,494","26,618",,,"5,773","9,209","17,565","2,644",,"5,630","2,561","2,676",874,"-6,255","-11,621","-7,780",2.30,0.90,,"57,951","10,922",,217,"69,090","9,092","7,551","70,631","117,303","131,218",1.30,1.19
PACE,29Jun2020,Mountain,N,"136,303","112,212","106,939","-5,273","52,183","26,277",,,"5,809","6,569","13,180","2,921",,"7,117","8,243","1,096",212,"-3,040","-17,084","-1,817",2.31,0.90,,"54,574","10,768",,176,"65,518","7,693","10,625","62,586","106,939","112,212",1.35,1.23
PACE,30Jun2020,Mountain,N,"128,873","109,737","116,399","6,662","47,608","27,084",,,"5,997","10,290","22,526","2,894",,"6,239","6,813","4,901","3,347","-3,993","-8,783","-1,862",2.30,0.90,,"49,741","11,092",,257,"61,091","4,516","11,268","54,339","116,399","109,737",1.16,1.09
PACE,01Jul2020,Mountain,N,"146,275","119,760","120,880","1,120","53,600","28,926",,,"5,959","11,132","18,480","2,783",,"7,674","4,791","3,475","5,134","-4,888","-15,143",77,2.30,0.90,,"55,892","11,807",,237,"67,935","6,019","11,894","62,060","120,880","119,760",1.24,1.14
PACE,02Jul2020,Mountain,N,"147,039","130,573","121,157","-9,416","61,013","29,278",,,"6,071","11,204","10,857","2,734",,"8,586",-45,"1,955","3,285","-6,254","-15,813","-1,130",2.30,0.90,,"63,580","11,962",,191,"75,732","7,521","10,576","72,678","121,157","130,573",1.38,1.23
PACE,03Jul2020,Mountain,N,"150,656","136,634","122,952","-13,682","66,650","29,545",,,"5,964","10,872","7,307","2,614",,"9,046",235,"2,297","2,058","-6,823","-15,347","-5,148",2.30,0.90,,"69,416","12,082",,165,"81,663","10,840","11,083","81,420","122,952","136,634",1.46,1.31
PACE,04Jul2020,Mountain,N,"148,135","137,067","126,389","-10,678","68,694","29,928",,,"5,747","11,290","8,238","2,492",,"9,262","2,254","3,551","2,726","-5,800","-16,456","-6,215",2.29,0.90,,"71,510","12,239",,171,"83,921","11,849","13,074","82,696","126,389","137,067",1.46,1.33
PACE,05Jul2020,Mountain,N,"145,479","137,283","121,204","-16,079","65,134","30,114",,,"5,577","11,153","6,717","2,509",,"9,151",-463,"2,115","5,169","-5,619","-18,265","-8,167",2.30,0.90,,"67,842","12,299",,160,"80,302","14,880","12,828","82,354","121,204","137,283",1.46,1.32
PACE,06Jul2020,Mountain,N,"154,341","153,586","124,098","-29,488","68,644","30,689",,,"5,230","11,587","5,512","2,436",,"11,883","-5,610","-1,776","1,036","-7,235","-18,829","-8,957",2.30,0.90,,"71,537","12,522",,153,"84,213","15,401","8,866","90,748","124,098","153,586",1.50,1.30
PACE,07Jul2020,Mountain,N,"158,545","156,286","137,888","-18,398","64,506","30,633",,,"5,876","12,334","22,033","2,506",,"13,135","-5,983","2,163","1,226","-6,532","-15,258","-7,149",2.30,0.90,,"67,230","12,516",,264,"80,010","11,277","9,880","81,408","137,888","156,286",1.28,1.15
PACE,08Jul2020,Mountain,N,"155,172","147,608","131,420","-16,188","64,980","29,733",,,"5,824","12,483","15,713","2,687",,"10,553","1,537","3,661","2,841","-8,855","-20,131","-5,794",2.30,0.90,,"67,812","12,163",,227,"80,202","15,073","13,503","81,772","131,420","147,608",1.35,1.22
PACE,09Jul2020,Mountain,N,"161,156","148,566","131,395","-17,171","74,775","30,491",,,"5,910","12,104","5,448","2,667",,"8,759","1,458","2,911","4,711","-9,257","-19,399","-6,354",2.30,0.90,,"78,081","12,481",,161,"90,723","14,757","12,829","92,651","131,395","148,566",1.52,1.37
PACE,10Jul2020,Mountain,N,"165,160","153,517","143,814","-9,703","73,463","29,635",,,"6,094","11,893","20,072","2,657",,"9,557",798,"2,258","5,533","-8,046","-17,918","-1,885",2.30,0.90,,"76,657","12,123",,251,"89,032","11,546","14,200","86,378","143,814","153,517",1.36,1.24
PACE,11Jul2020,Mountain,N,"162,577","149,918","140,774","-9,144","82,098","32,391",,,"6,147","10,207","7,296","2,635",,"10,733","5,489","1,309","6,957","-7,374","-21,432","-4,826",2.30,0.90,,"85,530","13,245",,162,"98,937","13,769","16,872","95,834","140,774","149,918",1.55,1.41
PACE,12Jul2020,Mountain,N,"163,687","150,334","133,219","-17,115","65,937","33,003",,,"5,690","10,957","15,046","2,586",,"9,095","-2,288","4,496","4,948","-7,400","-20,409","-5,557",2.30,0.90,,"68,677","13,492",,212,"82,381","13,273","11,847","83,807","133,219","150,334",1.36,1.23
PACE,13Jul2020,Mountain,N,"169,412","158,396","147,084","-11,312","71,026","34,294",,,"6,303","11,927","20,960","2,574",,"3,874",852,"2,865","7,587","-6,602","-19,774",-114,2.30,0.90,,"74,046","14,058",,258,"88,361","11,172","10,379","89,154","147,084","158,396",1.32,1.24
PACE,14Jul2020,Mountain,N,"157,157","150,806","123,039","-27,767","58,323","34,445",,,"5,518","12,546","9,656","2,551",,"2,155",-851,"2,262","5,315","-8,676","-20,410","-7,562",2.30,0.90,,"60,770","14,095",,187,"75,052","17,120","6,857","85,315","123,039","150,806",1.34,1.25
PACE,15Jul2020,Mountain,N,"161,295","147,860","115,460","-32,400","54,575","33,351",,,"5,710","12,288","6,852","2,684",,"2,784",658,"2,022","3,093","-8,423","-23,619","-8,915",2.30,0.90,,"56,879","13,627",,170,"70,677","18,625","5,935","83,366","115,460","147,860",1.35,1.24
PACE,16Jul2020,Mountain,N,"164,940","151,558","118,755","-32,803","58,480","34,687",,,"6,292","9,095","7,566","2,635",,"1,799",-534,"2,018","2,552","-8,605","-20,009","-10,024",2.30,0.90,,"60,988","14,183",,158,"75,328","17,752","4,636","88,444","118,755","151,558",1.40,1.29
PACE,17Jul2020,Mountain,N,"173,597","156,309","134,911","-21,398","58,026","33,384",,,"6,305","11,690","22,903","2,603",,-361,"-2,179","1,764","3,813","-6,455","-17,183",-797,2.30,0.90,,"60,568","13,674",,269,"74,511","9,482","4,379","79,613","134,911","156,309",1.22,1.12
PACE,18Jul2020,Mountain,N,"163,109","155,068","141,362","-13,706","68,501","35,014",,,"6,313","11,304","17,677","2,553",,"2,107","5,080","2,063","4,798","-5,706","-18,093","-3,955",2.30,0.90,,"71,529","14,342",,234,"86,105","12,456","9,906","88,656","141,362","155,068",1.34,1.26
PACE,19Jul2020,Mountain,N,"160,787","147,664","134,139","-13,525","66,325","34,278",,,"6,314","11,136","13,469","2,617",,"2,499","3,582","3,044","3,016","-5,237","-12,889","-7,540",2.30,0.90,,"69,200","14,030",,207,"83,436","12,926","8,314","88,049","134,139","147,664",1.37,1.31
PACE,20Jul2020,Mountain,N,"168,326","152,456","134,587","-17,869","73,954","34,419",,,"5,423","9,540","8,609","2,642",,"6,976","4,762","-4,133","2,053","-5,190","-13,606","-8,731",2.30,0.90,,"77,226","14,086",,162,"91,474","14,909","9,688","96,695","134,587","152,456",1.50,1.40
PACE,21Jul2020,Mountain,N,"170,292","152,938","133,295","-19,643","76,906","34,828",,,"5,417","6,062","7,442","2,640",,"8,620","5,629","-2,328","2,194","-4,945","-19,390","-9,423",2.30,0.90,,"80,237","14,244",,133,"94,614","16,806","11,732","99,688","133,295","152,938",1.56,1.44
PACE,22Jul2020,Mountain,N,"162,076","141,606","130,599","-11,007","70,771","35,757",,,"5,382","6,732","9,238","2,719",,"8,764","4,397","1,193","2,934","-5,629","-15,511","-7,155",2.30,0.90,,"73,812","14,612",,149,"88,573","12,396","11,685","89,284","130,599","141,606",1.50,1.39
PACE,23Jul2020,Mountain,N,"164,717","142,647","135,197","-7,450","67,243","32,675",,,"6,229","9,352","16,904","2,794",,"7,403","5,608",738,"2,558","-5,279","-12,735","-5,743",2.30,0.90,,"70,154","13,369",,218,"83,741","10,050","10,607","83,184","135,197","142,647",1.37,1.29
PACE,24Jul2020,Mountain,N,"161,725","140,773","131,133","-9,640","68,164","32,957",,,"6,297","9,503","11,420","2,792",,"6,108","6,557","1,140","2,341","-5,216","-12,981","-7,589",2.30,0.90,,"71,084","13,491",,185,"84,760","11,179","10,915","85,025","131,133","140,773",1.42,1.33
PACE,25Jul2020,Mountain,N,"151,232","143,776","142,550","-1,226","80,223","33,400",,,"5,654","9,569","10,923","2,781",,"7,951","12,495","1,239","3,128","-2,790","-14,610","-8,639",2.30,0.90,,"83,689","13,666",,179,"97,534","13,250","16,909","93,875","142,550","143,776",1.51,1.44
PACE,26Jul2020,Mountain,N,"155,154","147,250","140,052","-7,198","81,447","34,098",,,"6,356","9,171","6,215","2,765",,"8,262","12,999","1,070","2,966","-3,300","-18,256","-10,939",2.30,0.90,,"84,961","13,953",,151,"99,065","16,478","17,342","98,202","140,052","147,250",1.56,1.47
PACE,27Jul2020,Mountain,N,"166,934","154,478","143,364","-11,114","86,558","34,314",,,"6,357","8,122","5,279","2,734",,"9,579","15,357","-4,363","2,933","-2,258","-19,306","-13,056",2.30,0.90,,"90,300","14,033",,139,"104,472","19,339","19,597","104,214","143,364","154,478",1.61,1.49
PACE,28Jul2020,Mountain,N,"159,827","151,537","154,237","2,700","89,765","34,559",,,"6,251","10,598","10,275","2,789",,"13,406","10,689",862,"5,761","-4,909","-20,153","-2,956",2.30,0.90,,"93,668","14,133",,185,"107,986","11,488","21,127","98,347","154,237","151,537",1.54,1.43
PACE,29Jul2020,Mountain,N,"158,629","148,219","155,584","7,365","89,364","35,129",,,"6,158","11,611","10,597","2,725",,"13,961","10,649","2,245","7,212","-4,283","-19,234","-3,185",2.30,0.90,,"93,266","14,353",,192,"107,811","10,935","22,917","95,829","155,584","148,219",1.53,1.43
PACE,30Jul2020,Mountain,N,"166,145","156,954","149,497","-7,457","91,391","35,050",,,"5,232","10,839","4,361","2,624",,"12,043","5,951","1,039","5,471","-6,142","-21,232","-4,587",2.30,0.90,,"95,359","14,341",,142,"109,843","13,225","17,672","105,396","149,497","156,954",1.62,1.48
PACE,31Jul2020,Mountain,N,"170,819","159,806","146,183","-13,623","89,996","34,486",,,"5,147","10,071","4,077","2,406",,"10,590","3,128","2,676","4,632","-6,117","-22,717","-5,815",2.30,0.90,,"93,772","14,106",,134,"108,012","13,299","14,916","106,395","146,183","159,806",1.63,1.47
PACE,01Aug2020,Mountain,N,"167,080","153,751","141,732","-12,019","83,347","34,335",,,"6,002","10,169","5,285","2,594",,"9,712",-743,"3,873","3,443","-6,476","-20,016","-1,812",2.30,0.90,,"86,812","14,038",,148,"100,998","10,751","13,267","98,482","141,732","153,751",1.57,1.41
PACE,02Aug2020,Mountain,N,"167,154","153,878","142,340","-11,538","80,113","34,588",,,"5,967","10,786","8,272","2,614",,"8,728",-140,"3,814","2,292","-4,656","-16,385","-5,191",2.30,0.90,,"83,450","14,168",,171,"97,788","10,652","11,064","97,377","142,340","153,878",1.51,1.40
PACE,03Aug2020,Mountain,N,"174,075","158,559","147,155","-11,404","80,723","37,026",,,"5,477","10,056","11,164","2,709",,"10,775","1,605","1,157","2,956","-3,800","-18,235","-5,862",2.30,0.90,,"84,084","15,149",,182,"99,414","12,128","12,646","98,896","147,155","158,559",1.49,1.38
PACE,04Aug2020,Mountain,N,"170,406","155,261","148,714","-6,547","86,947","36,575",,,"4,664","10,486","7,283","2,759",,"10,209","11,277",926,"4,925","-2,707","-20,690","-10,487",2.30,0.90,,"90,576","14,982",,156,"105,714","16,385","18,540","103,558","148,714","155,261",1.57,1.47
PACE,05Aug2020,Mountain,N,"168,420","153,197","144,321","-8,876","82,950","35,770",,,"5,462","10,094","7,255","2,790",,"9,783","12,529","-5,138","4,157","-3,350","-18,616","-8,241",2.30,0.90,,"86,446","14,657",,158,"101,261","15,528","18,022","98,767","144,321","153,197",1.55,1.42
PACE,06Aug2020,Mountain,N,"166,911","153,678","151,729","-1,949","86,236","33,939",,,"5,945","10,889","11,917","2,803",,"10,022","9,008","3,675","3,230","-4,446","-19,936","-3,502",2.30,0.90,,"89,808","13,918",,195,"103,920","10,767","16,940","97,748","151,729","153,678",1.51,1.40
PACE,07Aug2020,Mountain,N,"162,394","150,586","164,501","13,915","92,133","35,974",,,"5,913","10,971","16,505","3,005",,"11,569","12,964","3,360","5,066","-6,477","-16,734","4,167",2.30,0.91,,"96,034","14,783",,225,"111,042","9,812","24,273","96,581","164,501","150,586",1.49,1.41
PACE,08Aug2020,Mountain,N,"141,837","138,955","148,636","9,681","83,631","34,575",,,"5,407","10,828","11,195","3,000",,"10,331","10,127","2,636","3,605","-6,299","-11,228",509,2.30,0.91,,"87,134","14,194",,188,"101,515","7,583","19,182","89,916","148,636","138,955",1.51,1.43
PACE,09Aug2020,Mountain,N,"134,102","140,158","146,239","6,081","79,402","34,750",,,"5,463","10,764","12,889","2,971",,"9,217","12,597","4,495","2,842","-4,389","-15,400","-3,281",2.30,0.90,,"82,823","14,255",,198,"97,275","10,939","19,182","89,032","146,239","140,158",1.47,1.40
PACE,10Aug2020,Mountain,N,"147,574","150,508","148,816","-1,692","84,776","35,595",,,"5,374","10,849","9,320","2,902",,"10,588","10,253","2,142","2,893","-3,385","-19,455","-4,728",2.30,0.90,,"88,452","14,581",,176,"103,209","12,352","17,110","98,451","148,816","150,508",1.53,1.44
PACE,11Aug2020,Mountain,N,"160,139","151,334","148,603","-2,731","86,029","33,791",,,"5,811","10,204","9,998","2,770",,"13,351","5,608","2,239","2,202","-4,488","-17,642","-4,001",2.30,0.90,,"89,715","13,828",,178,"103,721","10,830","15,940","98,611","148,603","151,334",1.54,1.44
PACE,12Aug2020,Mountain,N,"163,503","150,023","154,787","4,764","82,888","36,237",,,"5,722","10,708","16,483","2,749",,"14,008","9,112","4,116","3,422","-4,686","-19,591","-1,617",2.30,0.90,,"86,612","14,840",,220,"101,672","9,922","19,220","92,374","154,787","150,023",1.45,1.36
PACE,13Aug2020,Mountain,N,"164,978","149,950","160,784","10,834","89,310","36,238",,,"4,735","8,856","18,932","2,713",,"15,695","10,681","3,698","5,342","-5,473","-22,174","3,065",2.30,0.90,,"93,240","14,831",,219,"108,289","12,232","25,361","95,160","160,961","150,127",1.48,1.40
PACE,14Aug2020,Mountain,N,"164,288","147,554","160,966","13,412","92,638","38,012",,,"5,390","10,276","11,752","2,898",,"17,434","13,341","4,503","9,837","-4,500","-23,963","-3,240",2.30,0.90,,"96,583","15,556",,187,"112,326","15,691","30,734","97,283","160,966","147,554",1.54,1.45
PACE,15Aug2020,Mountain,N,"155,805","142,346","151,227","8,881","89,341","36,964",,,"5,431","10,567","6,010","2,914",,"17,131","15,624","3,940","10,783","-5,404","-25,846","-7,347",2.29,0.90,,"92,959","15,102",,154,"108,215","19,792","32,286","95,721","151,227","142,346",1.58,1.48
PACE,16Aug2020,Mountain,N,"160,405","144,064","147,209","3,145","88,865","36,380",,,"5,427","10,141","3,606","2,790",,"16,088","17,388","3,547","4,921","-4,183","-26,582","-8,034",2.29,0.90,,"92,410","14,889",,136,"107,435","20,237","29,153","98,519","147,209","144,064",1.61,1.51
PACE,17Aug2020,Mountain,N,"172,318","160,039","153,523","-6,516","93,824","38,282",,,"5,451","8,962","4,461","2,540",,"14,134","17,146","1,857","1,806","-2,943","-27,261","-11,255",2.29,0.90,,"97,652","15,657",,132,"113,442","20,308","24,407","109,343","153,520","160,036",1.63,1.51
PACE,18Aug2020,Mountain,N,"173,289","160,629","155,213","-5,416","95,507","38,130",,,"5,456","9,202","4,341","2,577",,"15,332","14,164","2,678","4,566","-4,213","-27,944","-9,999",2.29,0.90,,"99,372","15,601",,133,"115,106","20,136","25,573","109,668","155,213","160,629",1.63,1.51
PACE,19Aug2020,Mountain,N,"175,883","162,402","155,366","-7,036","92,280","37,529",,,"5,432","8,896","8,507","2,722",,"13,454","7,306","4,425","7,090","-6,128","-24,783","-8,400",2.30,0.90,,"96,103","15,370",,158,"111,631","17,800","21,751","107,680","155,366","162,402",1.58,1.46
PACE,20Aug2020,Mountain,N,"173,143","157,740","154,540","-3,200","89,294","38,231",,,"5,401","7,995","10,928","2,691",,"14,068","7,451","4,659","6,640","-6,136","-23,547","-6,335",2.29,0.90,,"92,934","15,679",,167,"108,780","15,990","21,641","103,129","154,540","157,740",1.55,1.44
PACE,21Aug2020,Mountain,N,"170,078","150,867","156,557","5,690","91,486","40,237",,,"5,347","8,761","7,980","2,746",,"16,529","10,358","3,388","9,053","-4,930","-25,427","-3,281",2.29,0.90,,"95,113","16,499",,153,"111,766","14,915","26,846","99,835","156,557","150,867",1.57,1.46
PACE,22Aug2020,Mountain,N,"163,778","148,620","151,348","2,728","90,464","39,847",,,"5,358","6,793","6,231","2,655",,"16,495","5,736","2,587","7,697","-5,014","-22,201","-2,572",2.29,0.90,,"94,154","16,318",,130,"110,602","13,334","22,765","101,171","151,348","148,620",1.61,1.50
PACE,23Aug2020,Mountain,N,"161,310","146,124","152,266","6,142","92,621","39,741",,,"5,364","6,463","5,383","2,694",,"15,354","11,954","4,854","7,341","-3,110","-24,431","-5,820",2.30,0.90,,"96,537","16,270",,123,"112,930","16,645","27,712","101,863","152,266","146,124",1.64,1.54
PACE,24Aug2020,Mountain,N,"171,374","157,365","153,318","-4,047","92,170","40,091",,,"5,355","7,863","5,036","2,803",,"14,980","6,987","1,225","5,319","-5,541","-25,309","-1,708",2.30,0.90,,"96,187","16,402",,130,"112,719","14,956","20,755","106,919","153,318","157,365",1.62,1.50
PACE,25Aug2020,Mountain,N,"167,821","155,890","155,323",-567,"90,314","38,806",,,"5,326","8,767","9,342","2,768",,"14,532","8,241","1,315","5,935","-5,564","-24,638",-388,2.30,0.90,,"94,266","15,879",,162,"110,307","14,090","21,612","102,785","155,323","155,890",1.57,1.45
PACE,26Aug2020,Mountain,N,"169,566","153,321","153,301",-20,"90,163","37,604",,,"5,231","9,305","8,235","2,763",,"13,415","9,235","2,307","6,801","-5,626","-24,581","-1,571",2.30,0.90,,"94,084","15,395",,158,"109,637","14,673","22,217","102,093","153,301","153,321",1.58,1.47
PACE,27Aug2020,Mountain,N,"164,121","154,896","156,220","1,324","89,533","37,517",,,"5,486","9,490","11,431","2,763",,"11,837","7,097","2,754","7,037","-6,047","-21,406",52,2.30,0.90,,"93,459","15,351",,180,"108,990","12,880","20,059","101,811","156,220","154,896",1.54,1.45
PACE,28Aug2020,Mountain,N,"160,382","147,059","151,063","4,004","89,080","38,374",,,"5,586","9,073","6,430","2,520",,"15,221","8,365","4,240","6,722","-4,309","-23,349","-2,862",2.30,0.90,,"92,998","15,734",,146,"108,877","13,819","23,726","98,970","151,063","147,035",1.59,1.48
PACE,29Aug2020,Mountain,N,"151,042","138,298","150,234","11,936","84,024","34,923",,,"4,871","7,546","16,026","2,844",,"15,542","6,387","4,896","5,097","-4,894","-15,432",340,2.30,0.91,,"87,487","14,356",,193,"102,036","7,986","21,630","88,392","150,234","138,298",1.50,1.41
PACE,30Aug2020,Mountain,N,"143,725","135,643","151,565","15,922","72,315","33,626",,,"4,870","9,491","28,380","2,883",,"14,141","6,434","5,511","4,894","-1,710","-11,480","-1,889",2.29,0.91,,"75,253","13,847",,282,"89,381","6,403","18,712","77,072","151,565","135,664",1.30,1.25
PACE,31Aug2020,Mountain,N,"145,423","126,521","143,759","17,238","81,844","36,288",,,"5,403","8,411","8,830","2,983",,"15,803","9,847","7,254","6,843","-3,784","-13,109","-5,590",2.29,0.91,,"85,198","14,920",,158,"100,277","10,203","26,375","84,105","143,759","126,495",1.54,1.47
PACE,01Sep2020,Mountain,N,"138,193","121,210","152,262","31,052","85,068","38,140",,,"4,953","10,492","10,582","3,027",,"17,104","24,290","6,103","9,450","-1,187","-18,009","-6,699",2.29,0.91,,"88,499","15,682",,179,"104,361","12,345","37,488","79,219","152,262","121,210",1.51,1.44
PACE,02Sep2020,Mountain,N,"144,041","129,231","164,141","34,910","87,978","37,525",,,"4,813","10,716","20,178","2,931",,"17,488","26,301","5,787","9,672",-420,"-20,871","-3,063",2.30,0.91,,"91,613","15,417",,239,"107,269","10,505","37,384","80,389","164,141","129,247",1.44,1.37
PACE,03Sep2020,Mountain,N,"154,229","140,025","158,984","18,959","93,954","39,654",,,"4,915","10,622","6,875","2,964",,"16,216","27,543","3,667","8,989","-1,173","-23,479","-12,804",2.30,0.91,,"97,934","16,311",,157,"114,402","19,575","38,896","95,081","158,984","140,025",1.59,1.50
PACE,04Sep2020,Mountain,N,"159,168","141,860","157,361","15,501","97,032","39,648",,,"4,761","10,675","2,241","3,004",,"16,860","24,770","4,000","8,768",200,"-28,932","-10,165",2.29,0.91,,"100,994","16,282",,128,"117,404","20,040","39,163","98,280","157,364","141,863",1.64,1.53
PACE,05Sep2020,Mountain,N,"154,922","138,770","155,935","17,165","88,715","39,483",,,"4,678","10,331","9,758","2,970",,"18,021","15,376","8,320","10,914","-4,023","-21,648","-9,795",2.29,0.91,,"92,172","16,213",,171,"108,556","16,126","34,741","89,941","155,935","138,770",1.53,1.43
PACE,06Sep2020,Mountain,N,"152,802","137,133","158,170","21,037","87,132","38,832",,,"4,620","9,860","14,815","2,911",,"9,185","21,111","10,416","14,233","-2,768","-21,484","-9,656",2.29,0.91,,"90,668","15,967",,199,"106,833","17,130","35,818","88,145","158,170","137,133",1.49,1.42
PACE,07Sep2020,Mountain,N,"143,721","128,574","155,671","27,097","79,373","36,345",,,"4,672","6,939","25,372","2,970",,"7,784","22,950","10,823","13,681","-2,702","-19,461","-5,978",2.30,0.91,,"82,697","14,926",,247,"97,870","13,107","33,709","77,268","155,671","128,574",1.39,1.32
PACE,08Sep2020,Mountain,N,"124,484","108,796","135,211","26,415","68,610","30,741",,,"4,173","4,405","24,046","3,236",,"9,634","22,223","8,649","11,935","-2,838","-15,421","-7,745",2.30,0.91,,"71,690","12,662",,221,"84,573","12,134","31,612","65,095","135,211","108,774",1.38,1.32
PACE,09Sep2020,Mountain,N,"121,724","108,904","124,766","15,862","66,877","34,230",,,"4,572","10,042","5,747","3,298",,"10,299","25,505","4,542","6,998","-1,276","-15,928","-14,339",2.30,0.91,,"69,913","14,087",,146,"84,146","17,851","30,926","71,072","124,766","108,965",1.49,1.44
PACE,10Sep2020,Mountain,N,"114,558","115,753","136,476","20,723","80,218","34,685",,,"3,967","10,063","4,218","3,325",,"13,036","29,208","4,932","8,807",-491,"-22,559","-12,210",2.30,0.91,,"83,717","14,248",,133,"98,098","20,247","38,557","79,788","136,476","115,753",1.58,1.52
PACE,11Sep2020,Mountain,N,"130,591","116,815","146,455","29,640","77,355","34,659",,,"3,792","10,782","16,683","3,184",,"12,292","26,451","7,364","8,985","-1,341","-17,182","-6,929",2.30,0.91,,"80,586","14,231",,213,"95,030","12,309","34,277","73,061","146,455","116,815",1.43,1.38
PACE,12Sep2020,Mountain,N,"129,356","117,048","128,090","11,042","67,875","33,716",,,"3,571","10,558","9,266","3,104",,"8,353","21,770","4,856","4,911","-2,231","-14,939","-11,678",2.29,0.90,,"70,595","13,815",,164,"84,573","14,611","25,287","73,897","128,090","117,048",1.46,1.39
PACE,13Sep2020,Mountain,N,"136,628","119,760","124,253","4,493","67,970","34,594",,,"3,587","10,199","4,807","3,096",,"8,239","19,098","4,915","4,802","-1,858","-19,786","-10,917",2.29,0.90,,"70,658","14,161",,134,"84,953","17,594","24,381","78,166","124,253","119,760",1.51,1.44
PACE,14Sep2020,Mountain,N,"145,908","132,310","141,713","9,403","79,383","36,103",,,"3,614","10,014","9,563","3,036",,"8,587","21,738","5,246","6,146","-1,073","-20,857","-10,384",2.29,0.90,,"82,600","14,788",,162,"97,550","16,691","27,476","86,765","141,713","132,310",1.52,1.45
PACE,15Sep2020,Mountain,N,"144,452","129,981","146,376","16,395","86,346","35,982",,,"3,525","9,568","7,921","3,034",,"9,702","21,889","5,409","8,592",-501,"-21,136","-7,560",2.29,0.90,,"89,647","14,741",,148,"104,537","14,905","31,245","88,196","146,376","129,981",1.57,1.50
PACE,16Sep2020,Mountain,N,"144,016","127,238","138,853","11,615","85,482","33,857",,,"3,466","9,054","3,956","3,038",,"9,492","22,289","5,848","8,646",-248,"-24,758","-9,654",2.29,0.90,,"88,746","13,863",,120,"102,729","18,653","32,682","88,700","138,853","127,238",1.63,1.54
PACE,17Sep2020,Mountain,N,"140,953","131,706","136,624","4,918","84,397","32,216",,,"3,862","8,683","4,672","2,794",,"9,464","19,411","6,043","7,206",-504,"-27,006","-9,668",2.29,0.90,,"87,611","13,202",,124,"100,936","19,730","29,552","91,115","136,624","131,678",1.63,1.53
PACE,18Sep2020,Mountain,N,"139,281","129,557","132,873","3,316","85,454","27,269",,,"3,413","5,799","7,986","2,952",,"9,509","16,058","5,147","6,206","-1,285","-22,556","-9,763",2.29,0.90,,"88,730","11,181",,124,"100,035","16,991","26,080","90,947","132,873","129,557",1.66,1.55
PACE,19Sep2020,Mountain,N,"131,907","124,305","129,465","5,160","71,595","24,896",,,"3,417","7,297","19,223","3,037",,"8,700","9,900","4,730","6,083","-1,691","-16,176","-6,386",2.29,0.91,,"74,388","10,240",,204,"84,831","10,718","18,811","76,737","129,465","124,305",1.44,1.36
PACE,20Sep2020,Mountain,N,"126,108","113,126","126,688","13,562","65,136","27,989",,,"3,487","9,356","17,604","3,116",,"6,540","18,669","3,522","5,109",-823,"-12,516","-6,939",2.29,0.91,,"67,749","11,514",,207,"79,470","10,287","20,997","68,760","126,688","113,126",1.38,1.34
PACE,21Sep2020,Mountain,N,"134,799","128,039","137,008","8,969","85,881","28,497",,,"3,459","8,964","7,164","3,043",,"7,612","20,790","4,483","5,666",-654,"-18,474","-10,454",2.29,0.90,,"89,320","11,681",,140,"101,140","16,013","27,226","89,926","137,008","128,039",1.63,1.55
PACE,22Sep2020,Mountain,N,"140,056","134,173","142,924","8,751","89,903","30,036",,,"3,339","6,872","9,717","3,057",,"9,612","19,176","4,540","6,308",-662,"-18,718","-11,505",2.29,0.90,,"93,393","12,266",,142,"105,801","16,510","28,223","94,088","142,924","134,173",1.63,1.55
PACE,23Sep2020,Mountain,N,"139,106","133,458","152,463","19,005","86,884","33,260",,,"3,342","9,140","16,789","3,048",,"10,644","20,376","4,650","8,065","-1,332","-15,709","-7,689",2.29,0.90,,"90,248","13,585",,200,"104,033","12,303","29,050","87,286","152,463","133,458",1.50,1.44
PACE,24Sep2020,Mountain,N,"141,717","132,539","156,713","24,174","83,028","30,112",,,"2,887","10,204","27,516","2,966",,"10,714","19,656","6,167","8,173",-917,"-14,655","-4,964",2.29,0.90,,"86,303","12,318",,269,"98,890","9,154","27,498","80,546","156,713","132,539",1.39,1.34
PACE,25Sep2020,Mountain,N,"140,018","128,331","147,641","19,310","78,180","30,133",,,"2,874","10,027","23,431","2,996",,"7,808","23,052","6,297","6,878",-697,"-16,052","-7,976",2.29,0.91,,"81,314","12,388",,243,"93,944","12,207","27,608","78,543","147,641","128,331",1.40,1.35
PACE,26Sep2020,Mountain,N,"127,794","118,085","144,981","26,896","70,182","28,695",,,"2,862","9,036","31,192","3,014",,"8,318","21,714","6,771","6,961",-508,"-12,108","-4,252",2.29,0.91,,"72,985","11,805",,285,"85,075","6,990","25,177","66,888","144,981","118,085",1.29,1.25
PACE,27Sep2020,Mountain,N,"120,857","112,201","130,450","18,249","69,795","29,139",,,"2,906","11,476","14,061","3,073",,"7,665","18,174","4,449","6,543","-1,413","-8,088","-9,081",2.29,0.91,,"72,591","11,999",,195,"84,784","9,457","23,612","70,628","130,450","112,201",1.43,1.39
PACE,28Sep2020,Mountain,N,"128,152","117,422","133,329","15,907","74,140","29,560",,,"2,980","11,446","11,981","3,222",,"9,913","20,542","4,442","6,945","-1,740","-13,535","-10,660",2.30,0.91,,"77,311","12,176",,183,"89,670","12,610","26,577","75,703","133,329","117,422",1.48,1.42
PACE,29Sep2020,Mountain,N,"129,745","121,327","138,856","17,529","75,445","28,246",,,"3,039","10,849","18,111","3,166",,"6,986","18,482","5,455","8,348","-2,030","-14,426","-5,286",2.29,0.90,,"78,525","11,591",,217,"90,332","9,956","24,473","75,815","138,856","121,327",1.43,1.38
PACE,30Sep2020,Mountain,N,"131,565","121,985","135,640","13,655","81,861","30,057",,,"3,043","10,470","7,086","3,123",,"7,425","15,577","6,115","10,064","-1,887","-18,033","-5,606",2.29,0.90,,"85,151","12,325",,146,"97,622","12,021","26,600","83,044","135,640","121,985",1.59,1.50
PACE,01Oct2020,Mountain,N,"132,734","122,510","126,800","4,290","76,994","29,701",,,"3,117","9,921","3,939","3,128",,"6,236","16,922","5,068","8,886","-1,997","-22,863","-7,962",2.29,0.90,,"79,981","12,160",,124,"92,265","17,039","25,476","83,828","126,800","122,510",1.60,1.51
PACE,02Oct2020,Mountain,N,"130,721","120,160","136,248","16,088","79,267","31,124",,,"3,157","8,915","10,669","3,116",,"10,092","24,373","5,367","9,220","-1,810","-25,760","-5,394",2.29,0.90,,"82,255","12,718",,160,"95,133","16,989","32,475","79,647","136,248","120,160",1.54,1.46
PACE,03Oct2020,Mountain,N,"122,049","112,461","134,881","22,420","83,842","31,463",,,"3,571","9,272","3,587","3,146",,"11,740","29,255","3,632","8,309","-1,237","-23,824","-5,455",2.29,0.90,,"86,899","12,851",,121,"99,871","16,759","37,568","79,062","134,881","112,461",1.63,1.55
PACE,04Oct2020,Mountain,N,"121,689","113,825","135,125","21,300","75,578","29,192",,,"3,573","9,410","14,258","3,114",,"10,840","24,395","3,190","6,698","-1,956","-18,892","-2,975",2.28,0.90,,"78,317","11,931",,187,"90,435","11,608","29,595","72,448","135,125","113,825",1.48,1.40
PACE,05Oct2020,Mountain,N,"131,986","123,037","128,149","5,112","63,727","33,775",,,"3,549","9,022","15,260","2,816",,"4,770","19,932","3,155","7,502","-2,566","-24,375","-3,306",2.29,0.90,,"66,335","13,843",,189,"80,367","14,512","21,404","73,475","128,149","123,037",1.38,1.32
PACE,06Oct2020,Mountain,N,"131,911","120,661","138,499","17,838","71,458","33,744",,,"3,371","8,774","18,435","2,717",,"8,110","28,149","3,399","9,872","-2,001","-27,922","-1,769",2.29,0.90,,"74,218","13,808",,206,"88,232","17,072","30,898","74,405","138,499","120,661",1.40,1.36
PACE,07Oct2020,Mountain,N,"131,869","119,596","129,617","10,021","78,747","31,873",,,"3,235","8,166","4,871","2,725",,"10,380","23,097","4,447","9,216","-1,749","-30,405","-4,965",2.29,0.90,,"81,925","13,037",,117,"95,080","20,601","32,814","82,867","129,617","119,596",1.62,1.53
PACE,08Oct2020,Mountain,N,"131,945","121,734","140,999","19,265","75,397","31,533",,,"2,867","9,078","19,312","2,812",,"12,077","24,652","5,076","7,578","-1,926","-25,394","-2,798",2.30,0.90,,"78,545","12,918",,210,"91,673","14,672","30,911","75,434","140,999","121,734",1.43,1.37
PACE,09Oct2020,Mountain,N,"130,536","116,580","129,430","12,850","73,429","29,613",,,"2,833","9,009","11,520","3,026",,"9,366","26,201","2,673","4,003",-753,"-26,221","-2,419",2.29,0.90,,"76,374","12,129",,163,"88,666","14,824","27,970","75,521","129,430","116,580",1.51,1.43
PACE,10Oct2020,Mountain,N,"126,162","113,502","128,643","15,141","63,536","28,501",,,"2,820","9,521","21,168","3,077",,"9,548","21,813","4,197","4,319","-1,757","-23,780",801,2.29,0.90,,"66,040","11,658",,226,"77,924","11,526","24,063","65,388","128,623","113,482",1.34,1.27
PACE,11Oct2020,Mountain,N,"116,367","105,831","123,986","18,155","53,259","24,663",,,"2,817","9,626","30,422","3,178",,"10,614","18,297","5,762","4,780","-1,372","-17,551","-2,375",2.30,0.91,,"55,495","10,125",,284,"65,904","8,572","20,493","53,984","123,965","105,810",1.17,1.12
PACE,12Oct2020,Mountain,N,"122,275","113,479","144,056","30,577","65,189","28,236",,,"3,158","9,881","34,479","3,113",,"14,349","20,570","7,026","7,951","-1,826","-19,114","1,621",2.30,0.90,,"67,903","11,565",,313,"79,781","7,468","27,716","59,533","144,056","113,479",1.22,1.16
PACE,13Oct2020,Mountain,N,"126,528","113,205","147,031","33,826","81,061","24,872",,,"3,037","8,782","26,215","3,064",,"15,759","25,491","8,238","11,073","-1,129","-27,290","1,684",2.30,0.90,,"84,450","10,191",,254,"94,894","13,338","38,820","69,413","147,031","113,205",1.42,1.35
PACE,14Oct2020,Mountain,N,"124,427","115,585","143,383","27,798","81,566","25,080",,,"2,330","8,922","22,354","3,111",,"17,839","18,600","8,735","12,857","-3,446","-25,798",-989,2.30,0.91,,"85,054","10,296",,227,"95,576","12,721","36,603","71,695","143,363","115,565",1.47,1.37
PACE,15Oct2020,Mountain,N,"125,299","112,815","141,751","28,936","89,881","24,840",,,"2,200","9,466","12,107","3,256",,"17,254","23,871","6,769","10,953","-2,278","-29,394","1,761",2.29,0.90,,"93,506","10,195",,167,"103,868","16,651","42,525","77,994","141,750","112,814",1.62,1.52
PACE,16Oct2020,Mountain,N,"124,699","110,936","144,569","33,633","77,914","24,249",,,"2,061","9,041","28,041","3,256",,"15,904","25,719","8,756","10,571","-3,814","-25,778","2,275",2.29,0.90,,"81,032","9,954",,262,"91,247","12,947","38,109","66,086","144,562","110,929",1.39,1.31
PACE,17Oct2020,Mountain,N,"118,644","107,072","121,719","14,647","62,022","19,981",,,"1,941","9,025","25,571","3,159",,"8,312","14,178","8,684","10,105","-3,338","-20,932","-2,362",2.30,0.91,,"64,579","8,231",,245,"73,055","11,275","24,170","60,161","121,699","107,052",1.32,1.24
PACE,18Oct2020,Mountain,N,"116,658","104,400","117,949","13,549","61,313","23,393",,,"1,841","8,615","20,149","2,618",,"2,483","18,363","10,093","8,977","-2,343","-22,857","-1,167",2.29,0.90,,"63,770","9,588",,205,"73,563","11,588","23,947","61,204","117,929","104,380",1.38,1.29
PACE,19Oct2020,Mountain,N,"125,761","117,515","132,107","14,592","71,139","22,859",,,"1,872","8,733","25,256","2,248",,"2,430","15,587","10,479","9,778","-3,127","-20,317",-238,2.29,0.90,,"73,851","9,328",,235,"83,414","9,370","23,256","69,528","132,107","117,515",1.39,1.30
PACE,20Oct2020,Mountain,N,"125,104","116,735","131,424","14,689","78,335","21,619",,,"1,515","8,624","19,291","2,020",,"6,155","22,875","9,241","10,343","-1,067","-29,755","-3,109",2.29,0.90,,"81,391","8,848",,194,"90,433","17,427","32,231","75,630","131,404","116,721",1.52,1.43
PACE,21Oct2020,Mountain,N,"125,033","117,489","139,659","22,170","82,991","22,091",,,"1,785","8,932","21,690","2,151",,"10,274","24,308","10,511","12,136","-1,070","-30,749","-3,240",2.29,0.90,,"86,349","9,046",,213,"95,609","17,136","37,270","75,474","139,640","117,470",1.51,1.42
PACE,22Oct2020,Mountain,N,"126,255","119,298","140,060","20,762","89,925","25,511",,,"1,564","8,444","12,367","2,230",,"11,601","26,914","8,405","11,294",565,"-28,766","-9,251",2.30,0.91,,"93,729","10,481",,152,"104,362","21,079","41,486","83,954","140,041","119,279",1.64,1.55
PACE,23Oct2020,Mountain,N,"126,082","121,172","142,235","21,063","98,193","24,567",,,"1,319","8,316","7,522","2,300",,"11,610","26,735","9,680","9,409","1,138","-29,026","-8,483",2.29,0.91,,"102,213","10,099",,120,"112,432","20,080","43,251","89,262","142,217","121,154",1.74,1.62
PACE,24Oct2020,Mountain,N,"122,108","120,458","151,803","31,345","93,509","21,464",,,"1,354","7,445","25,868","2,163",,"11,948","27,253","11,818","10,513",699,"-26,483","-4,403",2.29,0.90,,"97,155","8,790",,227,"106,172","15,695","41,654","80,213","151,803","120,458",1.54,1.47
PACE,25Oct2020,Mountain,N,"125,646","122,958","146,804","23,846","93,825","29,416",,,"1,180","2,796","17,364","2,219",,"10,076","28,534","9,135","8,180",705,"-23,341","-9,443",2.29,0.91,,"97,523","12,082",,145,"109,751","17,305","40,324","86,732","146,800","122,954",1.65,1.56
PACE,26Oct2020,Mountain,N,"136,347","132,864","136,438","3,574","81,661","32,739",,,"1,271","8,524","10,041","2,186",,"7,923","10,527","3,881","3,913",-963,"-13,649","-8,058",2.29,0.90,,"84,871","13,369",,136,"98,376","12,053","19,013","91,417","136,422","132,848",1.59,1.52
PACE,27Oct2020,Mountain,N,"136,273","122,947","136,634","13,687","76,469","29,772",,,"1,256","8,746","17,912","2,459",,"10,219","13,353","3,548","6,404","1,691","-20,923",-605,2.29,0.90,,"79,477","12,180",,188,"91,845","8,562","22,840","77,567","136,614","122,927",1.48,1.39
PACE,28Oct2020,Mountain,N,"132,503","122,318","134,802","12,484","83,418","28,264",,,"1,019","9,128","9,880","3,072",,"11,133","12,990","5,044","7,281","2,925","-19,454","-7,435",2.29,0.91,,"86,770","11,617",,143,"98,529","11,350","26,711","83,168","134,781","122,297",1.61,1.50
PACE,29Oct2020,Mountain,N,"131,363","123,993","147,558","23,565","92,839","23,253",,,947,"8,943","18,393","3,163",,"11,273","12,728","7,786","8,966","2,783","-13,818","-6,153",2.30,0.91,,"96,677","9,553",,194,"106,424","8,506","29,870","85,060","147,538","123,973",1.59,1.51
PACE,30Oct2020,Mountain,N,"129,398","120,892","146,329","25,437","85,739","22,896",,,"1,064","8,579","24,757","3,275",,"11,155","15,208","8,726","10,305",-270,"-14,875","-4,812",2.30,0.90,,"89,294","9,388",,233,"98,915","7,552","29,373","77,094","146,310","120,873",1.49,1.41
PACE,31Oct2020,Mountain,N,"120,808","115,933","139,767","23,834","87,880","22,364",,,"1,286","8,755","16,172","3,290",,"13,318","20,733","7,989","8,998",-632,"-18,308","-8,264",2.30,0.91,,"91,724","9,197",,182,"101,104","12,821","35,048","78,877","139,747","115,913",1.59,1.50
PACE,01Nov2020,Mountain,N,"124,237","118,342","144,905","26,563","93,985","21,458",,,"1,337","6,992","17,623","3,496",,"15,830","21,566","9,480","8,747",-722,"-23,683","-4,656",2.30,0.90,,"97,878","8,804",,182,"106,864","13,988","38,796","82,055","144,891","118,329",1.63,1.53
PACE,02Nov2020,Mountain,N,"126,270","121,380","143,227","21,847","92,352","22,978",,,"1,157","5,039","18,517","3,175",,"17,505","21,141","9,617","4,808","-1,717","-27,081","-2,529",2.30,0.90,,"96,426","9,417",,172,"106,015","15,184","37,182","84,017","143,218","121,474",1.63,1.52
PACE,03Nov2020,Mountain,N,"126,105","117,185","146,230","29,045","91,903","21,102",,,"1,182","5,809","23,060","3,174",,"17,836","22,413","10,388","2,868","-2,224","-26,597","4,361",2.30,0.90,,"96,037","8,654",,205,"104,896","12,259","38,857","78,297","146,230","117,185",1.58,1.47
PACE,04Nov2020,Mountain,N,"123,654","116,524","146,767","30,243","87,538","22,108",,,"1,118","8,094","24,628","3,281",,"19,322","17,988","14,069","2,995","-2,067","-23,907","1,843",2.30,0.91,,"91,395","9,088",,229,"100,713","10,525","36,664","74,574","146,767","116,524",1.51,1.41
PACE,05Nov2020,Mountain,N,"124,209","118,082","143,161","25,079","85,137","22,041",,,"1,046","8,108","23,512","3,317",,"18,776","14,845","12,199","3,022","-1,283","-25,879","3,399",2.30,0.90,,"88,705","9,039",,222,"97,966","10,645","33,431","75,179","143,161","118,082",1.51,1.40
PACE,06Nov2020,Mountain,N,"125,118","117,123","123,552","6,429","67,774","19,467",,,"1,082","5,547","26,425","3,257",,"13,549","10,677","9,362","1,860","-1,767","-21,630","-5,622",2.30,0.91,,"70,703","8,009",,224,"78,937","12,917","21,891","69,962","123,552","117,123",1.41,1.32
PACE,07Nov2020,Mountain,N,"117,149","111,860","124,082","12,222","73,929","21,492",,,"1,065","3,147","21,319","3,130",,"13,788","15,638","9,292","5,067",-340,"-24,051","-7,172",2.30,0.91,,"77,259","8,865",,177,"86,302","14,142","28,780","71,664","124,082","111,860",1.53,1.41
PACE,08Nov2020,Mountain,N,"123,639","119,379","121,967","2,588","69,975","23,168",,,"1,094","2,601","21,946","3,183",,"9,532","19,380","6,494","6,256","-1,402","-25,812","-11,869",2.30,0.91,,"73,077","9,547",,178,"82,801","19,074","27,350","74,525","121,967","119,388",1.50,1.38
PACE,09Nov2020,Mountain,N,"137,705","129,860","137,776","7,916","95,752","28,410",,,"1,067","3,575","6,292","2,680",,"11,085","24,099","8,546","9,498","-1,700","-30,659","-12,961",2.30,0.91,,"99,943","11,693",,84,"111,720","23,079","39,378","95,422","137,776","129,868",1.79,1.62
PACE,10Nov2020,Mountain,N,"139,336","127,478","154,299","26,821","81,499","26,362",,,"1,018","7,817","34,361","3,242",,"9,434","22,079","10,728","11,157",-584,"-23,880","-2,113",2.30,0.90,,"84,879","10,816",,287,"95,982","9,921","31,765","74,137","154,299","127,478",1.37,1.28
PACE,11Nov2020,Mountain,N,"135,842","129,608","146,974","17,366","80,974","23,891",,,"1,109","7,946","29,838","3,216",,"5,766","24,055","9,406","10,958",934,"-26,387","-7,366",2.30,0.90,,"84,341","9,803",,260,"94,404","16,478","31,813","79,069","146,974","129,608",1.42,1.34
PACE,12Nov2020,Mountain,N,"136,157","128,019","143,153","15,134","79,799","27,000",,,"1,091","7,801","24,155","3,307",,"-1,307","28,770","5,332","11,335","-1,896","-18,567","-8,533",2.30,0.91,,"83,284","11,090",,224,"94,598","15,447","29,466","80,580","143,153","128,019",1.46,1.39
PACE,13Nov2020,Mountain,N,"132,893","126,122","141,153","15,031","73,571","21,304",,,938,"6,657","35,469","3,214",,-294,"24,792","7,144","8,749","-1,566","-16,350","-7,444",2.30,0.91,,"76,754","8,757",,286,"85,797","11,315","24,173","72,939","141,153","126,122",1.34,1.27
PACE,14Nov2020,Mountain,N,"129,054","121,792","135,430","13,638","64,007","21,176",,,987,"6,737","39,291","3,232",,"3,233","23,014","7,599","7,248","-1,786","-14,554","-11,116",2.30,0.91,,"66,847","8,739",,310,"75,896","12,446","23,163","65,179","135,430","121,792",1.24,1.18
PACE,15Nov2020,Mountain,N,"127,372","117,891","138,689","20,798","66,866","21,094",,,"1,002","7,140","39,367","3,220",,"4,331","26,372","6,777","7,210","-1,395","-14,124","-8,373",2.30,0.91,,"69,689","8,686",,313,"78,688","11,547","26,024","64,210","138,689","117,891",1.25,1.20
PACE,16Nov2020,Mountain,N,"132,997","124,063","155,904","31,841","88,390","25,050",,,"1,130","7,717","31,041","2,576",,"4,619","32,301","7,463","11,537",201,"-17,175","-7,105",2.30,0.91,,"92,127","10,300",,262,"102,689","12,998","36,423","79,264","155,904","124,063",1.45,1.41
PACE,17Nov2020,Mountain,N,"127,475","122,230","146,252","24,022","81,223","23,629",,,"1,094","5,652","32,394","2,260",,"4,242","25,917","6,012","10,388",-915,"-16,603","-5,019",2.30,0.91,,"84,811","9,713",,256,"94,779","9,888","28,946","75,721","146,252","122,230",1.43,1.37
PACE,18Nov2020,Mountain,N,"130,501","119,819","142,554","22,735","74,997","22,345",,,952,"5,450","36,224","2,586",,"4,868","26,659","6,156","8,340",-407,"-12,558","-10,323",2.31,0.91,,"78,556","9,210",,279,"88,044","11,419","27,922","71,542","142,554","119,819",1.36,1.32
PACE,19Nov2020,Mountain,N,"134,915","120,465","140,179","19,714","73,321","18,746",,,959,"6,850","37,606","2,697",,"6,966","22,065","5,717","7,357",-921,"-11,672","-9,798",2.31,0.91,,"76,699","7,724",,297,"84,720","10,669","25,428","69,962","140,179","120,465",1.33,1.28
PACE,20Nov2020,Mountain,N,"135,781","124,444","121,659","-2,785","83,805","20,765",,,982,"5,122","8,522","2,463",,"4,232","19,412","3,189","9,120","-2,029","-29,183","-7,526",2.30,0.90,,"87,343","8,517",,106,"95,965","18,406","25,604","88,767","121,659","124,444",1.74,1.57
PACE,21Nov2020,Mountain,N,"131,423","122,719","130,711","7,992","85,026","21,008",,,"1,077","7,469","13,685","2,446",,"5,141","26,934","3,568","8,565","-1,551","-26,679","-7,986",2.29,0.90,,"88,317","8,601",,152,"97,070","18,094","30,967","84,197","130,711","122,719",1.64,1.51
PACE,22Nov2020,Mountain,N,"132,879","123,575","125,648","2,073","88,910","19,493",,,973,"6,334","7,477","2,461",,"9,127","25,644","3,589","6,391","-1,221","-28,785","-12,672",2.29,0.90,,"92,352","7,982",,106,"100,441","22,812","33,045","90,207","125,648","123,575",1.76,1.61
PACE,23Nov2020,Mountain,N,"139,292","129,905","139,030","9,125","93,562","22,640",,,940,"2,185","17,298","2,405",,"10,517","25,764","2,889","4,904",-714,"-24,558","-9,677",2.30,0.90,,"97,563","9,285",,141,"106,989","16,543","31,497","92,035","139,030","129,905",1.70,1.56
PACE,24Nov2020,Mountain,N,"138,468","129,548","132,774","3,226","86,353","22,099",,,934,"5,654","15,423","2,311",,"9,230","24,024","4,779","5,396","-2,171","-25,730","-12,302",2.30,0.90,,"90,201","9,064",,150,"99,415","19,561","29,842","89,134","132,774","129,548",1.65,1.52
PACE,25Nov2020,Mountain,N,"137,415","125,714","149,132","23,418","79,722","21,167",,,914,"7,152","37,501","2,676",,"9,433","20,993","4,864","5,513","-1,793","-10,555","-5,037",2.30,0.90,,"83,058","8,666",,298,"92,022","7,097","24,952","74,167","149,132","125,714",1.36,1.30
PACE,26Nov2020,Mountain,N,"128,434","121,370","130,321","8,951","82,873","20,411",,,883,"5,080","17,744","3,330",,"9,983","18,568","3,083","4,408","-3,084","-14,664","-9,343",2.29,0.91,,"86,164","8,385",,167,"94,715","13,542","26,457","81,801","130,321","121,370",1.60,1.49
PACE,27Nov2020,Mountain,N,"131,389","117,485","130,839","13,354","73,577","18,369",,,977,"7,197","27,473","3,246",,"8,418","25,273","2,492","3,753","-2,800","-14,974","-8,808",2.29,0.91,,"76,445","7,542",,240,"84,228","13,251","25,531","71,948","130,839","117,485",1.42,1.35
PACE,28Nov2020,Mountain,N,"132,291","121,521","143,469","21,948","83,201","22,188",,,"1,106","7,031","26,732","3,211",,"11,133","24,661","3,684","5,906","-2,248","-14,554","-6,634",2.29,0.90,,"86,272","9,094",,235,"95,601","10,906","29,472","77,035","143,469","121,521",1.47,1.40
PACE,29Nov2020,Mountain,N,"131,235","123,559","130,498","6,939","90,481","21,581",,,"1,010","6,783","7,490","3,153",,"10,391","29,418","2,948","6,128","-2,055","-26,704","-13,187",2.29,0.91,,"94,112","8,872",,114,"103,098","22,414","35,968","89,544","130,498","123,559",1.74,1.60
PACE,30Nov2020,Mountain,N,"137,477","132,237","159,396","27,159","88,324","22,811",,,"1,009","6,638","37,403","3,211",,"11,627","21,697","4,960","7,382","-2,630","-12,763","-3,114",2.30,0.90,,"91,955","9,325",,298,"101,577","8,047","28,903","80,721","159,396","132,237",1.40,1.35
PACE,01Dec2020,Mountain,N,"141,697","128,890","148,559","19,669","89,524","27,483",,,"1,028","4,741","22,487","3,296",,"9,379","24,261","4,047","8,029","-3,452","-21,226","-1,369",2.30,0.90,,"93,450","11,255",,195,"104,900","11,186","30,857","85,228","148,559","128,890",1.56,1.46
PACE,02Dec2020,Mountain,N,"143,477","134,848","140,182","5,334","82,120","31,303",,,"1,234","5,379","16,867","3,279",,"5,342","21,952","2,894","8,009","-3,204","-24,279","-5,380",2.30,0.90,,"85,825","12,837",,165,"98,827","15,332","25,287","88,871","140,182","134,848",1.55,1.45
PACE,03Dec2020,Mountain,N,"143,775","135,488","151,353","15,865","82,897","32,905",,,992,"5,355","26,167","3,037",,"6,589","22,471","3,760","9,185","-3,910","-18,473","-3,757",2.30,0.90,,"86,541","13,479",,219,"100,239","11,939","26,670","85,508","151,353","135,488",1.46,1.39
PACE,04Dec2020,Mountain,N,"141,776","134,954","143,880","8,926","85,282","33,929",,,974,"5,633","14,984","3,078",,"8,910","22,217","3,711","8,344","-3,732","-22,548","-7,976",2.30,0.90,,"88,817","13,891",,152,"102,860","16,783","28,985","90,657","143,880","134,954",1.58,1.48
PACE,05Dec2020,Mountain,N,"135,882","129,070","130,698","1,628","72,904","31,597",,,910,"6,196","15,977","3,114",,"1,930","24,715","4,077","7,553","-3,149","-24,221","-9,277",2.30,0.90,,"75,894","12,950",,162,"89,006","19,132","25,197","82,942","130,698","129,070",1.50,1.42
PACE,06Dec2020,Mountain,N,"132,943","127,838","135,631","7,793","71,604","31,119",,,903,"6,020","22,888","3,097",,"3,103","26,367","5,124","7,784","-3,340","-21,062","-10,183",2.30,0.90,,"74,547","12,733",,203,"87,482","18,776","26,562","79,697","135,631","127,838",1.42,1.37
PACE,07Dec2020,Mountain,N,"143,642","134,964","146,393","11,429","82,080","32,754",,,951,"6,549","20,959","3,100",,"9,675","22,519","4,136","6,960","-3,443","-21,399","-7,019",2.30,0.90,,"85,618","13,429",,195,"99,241","15,411","27,864","86,788","146,393","134,964",1.49,1.42
PACE,08Dec2020,Mountain,N,"144,601","132,277","161,605","29,328","87,494","32,683",,,968,"6,390","31,008","3,062",,"11,577","26,769","2,487","5,826","-2,723","-10,655","-3,953",2.30,0.91,,"91,338","13,429",,256,"105,023","7,843","29,531","83,334","161,605","132,277",1.43,1.39
PACE,09Dec2020,Mountain,N,"143,064","132,519","147,308","14,789","77,291","31,197",,,931,"6,030","28,801","3,058",,"10,665","18,743","3,652","5,839","-3,781","-15,124","-5,205",2.30,0.91,,"80,606","12,814",,240,"93,660","10,560","23,990","80,230","147,308","132,519",1.40,1.33
PACE,10Dec2020,Mountain,N,"142,994","133,725","140,895","7,170","93,079","33,325",,,898,"3,573","6,930","3,090",,"11,629","25,106","3,882","5,484","-3,224","-27,345","-8,362",2.30,0.91,,"96,976","13,699",,89,"110,764","19,784","33,517","97,031","140,895","133,725",1.73,1.60
PACE,11Dec2020,Mountain,N,"143,753","136,825","145,931","9,106","91,759","31,072",,,999,"4,732","14,397","2,972",,"9,756","25,323","4,485","6,484","-2,942","-27,714","-6,286",2.29,0.91,,"95,509","12,764",,143,"108,416","18,114","31,944","94,585","145,931","136,825",1.64,1.52
PACE,12Dec2020,Mountain,N,"139,841","132,787","141,432","8,645","91,405","30,651",,,"1,007","2,407","12,944","3,018",,"9,244","27,943","3,099","6,330","-2,730","-27,192","-8,049",2.29,0.90,,"94,913","12,527",,120,"107,560","20,373","33,337","94,597","141,432","132,787",1.68,1.57
PACE,13Dec2020,Mountain,N,"139,027","137,422","159,853","22,431","88,125","32,614",,,"1,215","4,771","30,148","2,980",,"10,905","29,656","2,570","5,478","-1,204","-17,075","-7,899",2.29,0.90,,"91,488","13,335",,241,"105,065","14,001","31,942","87,124","159,853","137,422",1.45,1.40
PACE,14Dec2020,Mountain,N,"146,977","137,901","144,581","6,680","86,382","32,353",,,930,"1,259","20,979","2,678",,"8,841","28,662","2,052","4,129","-3,234","-20,780","-12,990",2.29,0.90,,"89,867","13,228",,160,"103,254","20,078","30,766","92,566","144,581","137,901",1.57,1.48
PACE,15Dec2020,Mountain,N,"146,948","138,087","160,993","22,906","90,098","30,876",,,967,"4,774","31,723","2,555",,"9,225","28,158","3,315","6,273","-3,338","-13,582","-7,145",2.30,0.90,,"93,822","12,620",,247,"106,689","11,919","30,400","88,208","160,993","138,087",1.46,1.41
PACE,16Dec2020,Mountain,N,"148,580","133,775","163,213","29,438","83,693","32,606",,,"1,015","5,691","37,642","2,566",,"13,592","24,003","5,611","8,544","-2,968","-16,341","-2,996",2.30,0.90,,"87,191","13,354",,290,"100,835","9,392","30,791","79,435","163,213","133,768",1.36,1.31
PACE,17Dec2020,Mountain,N,"146,506","135,949","151,315","15,366","79,491","30,706",,,"1,044","2,493","34,958","2,623",,"15,176","19,370","4,289","6,497","-1,824","-22,734","-5,408",2.30,0.90,,"82,971","12,571",,254,"95,796","12,348","27,373","80,771","151,315","135,949",1.40,1.31
PACE,18Dec2020,Mountain,N,"147,885","133,160","143,792","10,632","81,654","31,805",,,"1,063","3,200","23,362","2,708",,"12,059","23,472","4,646","6,308","-2,216","-21,890","-11,747",2.31,0.91,,"85,388","13,081",,187,"98,656","16,952","29,899","85,709","143,792","133,160",1.51,1.42
PACE,19Dec2020,Mountain,N,"139,144","128,487","158,636","30,149","76,300","24,806",,,"1,020","5,839","47,946","2,725",,"9,998","24,910","5,793","6,143","-1,047","-9,427","-6,221",2.30,0.91,,"79,652","10,190",,355,"90,197","7,204","26,395","71,006","158,636","128,487",1.25,1.22
PACE,20Dec2020,Mountain,N,"140,624","125,416","158,475","33,059","75,462","24,227",,,986,"5,895","49,166","2,739",,"9,087","27,574","7,394","7,233","-1,349","-9,034","-7,846",2.30,0.91,,"78,857","9,979",,363,"89,199","8,228","28,680","68,747","158,475","125,416",1.24,1.21
PACE,21Dec2020,Mountain,N,"145,955","125,943","169,933","43,990","84,443","27,113",,,960,"5,907","48,812","2,698",,"10,656","30,022","6,582","9,348","-1,065","-7,121","-4,432",2.30,0.91,,"87,997","11,134",,360,"99,491","6,090","32,883","72,698","169,933","125,943",1.29,1.27
PACE,22Dec2020,Mountain,N,"145,185","135,456","162,813","27,357","78,386","25,186",,,"1,195","5,543","49,867","2,636",,"8,628","24,043","6,104","7,147",-83,"-10,486","-7,996",2.31,0.91,,"81,968","10,378",,366,"92,711","8,901","26,308","75,305","162,813","135,456",1.26,1.23
PACE,23Dec2020,Mountain,N,"146,452","134,379","164,374","29,995","79,749","31,379",,,"1,204","6,308","42,947","2,787",,"5,518","30,433","4,631","7,340","1,835","-10,768","-8,994",2.30,0.91,,"83,312","12,949",,329,"96,590","9,654","28,852","77,392","164,374","134,379",1.30,1.27
PACE,24Dec2020,Mountain,N,"139,099","128,552","160,359","31,807","77,813","29,333",,,951,"5,120","44,282","2,860",,"2,817","31,471","5,633","9,664",-557,"-9,016","-8,205",2.29,0.91,,"80,961","12,058",,329,"93,347","8,843","28,479","73,712","160,359","128,552",1.28,1.26
PACE,25Dec2020,Mountain,N,"130,719","118,887","146,728","27,841","72,837","27,810",,,961,"6,027","36,697","2,396",,"1,972","32,218","5,031","9,184",-471,"-11,507","-8,586",2.30,0.91,,"75,894","11,449",,284,"87,628","11,721","29,388","69,961","146,728","118,887",1.32,1.30
PACE,26Dec2020,Mountain,N,"137,143","123,813","145,028","21,215","62,774","27,957",,,958,"4,993","45,762","2,584",,-495,"27,618","5,415","6,535",-676,"-8,938","-8,244",2.30,0.91,,"65,616","11,532",,335,"77,483","10,391","22,849","65,025","145,028","123,813",1.18,1.16
PACE,27Dec2020,Mountain,N,"136,946","124,379","133,062","8,683","76,556","30,373",,,842,"2,013","20,312","2,966",,"1,624","30,502","4,846","8,221",-914,"-20,153","-15,443",2.30,0.91,,"79,954","12,510",,161,"92,625","20,404","30,147","82,883","133,062","124,379",1.53,1.47
PACE,28Dec2020,Mountain,N,"144,459","138,157","128,175","-9,982","74,968","31,406",,,"1,106","1,532","16,168","2,995",,-294,"22,929","1,757","3,274",-909,"-21,620","-15,119",2.30,0.90,,"78,107","12,879",,135,"91,120","21,074","19,429","92,765","128,175","138,157",1.57,1.48
PACE,29Dec2020,Mountain,N,"144,430","135,843","133,713","-2,130","71,092","32,096",,,"1,111","3,622","22,776","3,016",,-326,"27,625","1,613","3,377",-604,"-19,512","-14,303",2.30,0.91,,"74,202","13,188",,188,"87,579","18,384","21,641","84,321","133,713","135,843",1.44,1.37
PACE,30Dec2020,Mountain,N,"144,372","137,151","145,299","8,148","60,532","29,470",,,"1,105","5,061","46,089","3,042",,150,"24,080","3,148","4,392","-1,285","-14,324","-8,013",2.30,0.91,,"63,083","12,098",,341,"75,523","11,292","17,056","69,759","145,299","137,151",1.15,1.12
PACE,31Dec2020,Mountain,N,"140,790","132,884","123,765","-9,119","66,039","25,360",,,"1,083","2,390","25,961","2,932",,764,"12,744","2,028","2,650","-3,446","-15,159","-8,700",2.29,0.90,,"68,629","10,396",,200,"79,225","13,310","12,055","80,480","123,765","132,884",1.41,1.34
PACE,01Jan2021,Mountain,N,"130,552","129,770","117,187","-12,583","69,132","22,281",,,949,"3,032","18,861","2,932",,-449,"13,680","1,607","1,628","-1,659","-16,645","-10,745",2.23,0.90,,"69,985","9,133",,172,"79,290","15,137","13,167","81,259","117,187","129,770",1.49,1.38
PACE,02Jan2021,Mountain,N,"139,807","128,419","137,295","8,876","52,403","23,436",,,977,"6,321","51,269","2,889",,-784,"18,099","3,542","4,116",-568,"-9,054","-6,475",2.23,0.90,,"53,030","9,593",,409,"63,032","7,500","12,162","58,371","137,295","128,419",1.01,1.00
PACE,03Jan2021,Mountain,N,"135,745","125,993","143,482","17,489","56,551","24,951",,,926,"4,437","53,778","2,839",,261,"21,262","6,147","4,917",-928,"-7,303","-6,867",2.23,0.90,,"57,310","10,235",,413,"67,958","7,495","16,387","59,066","143,482","125,993",1.04,1.03
PACE,04Jan2021,Mountain,N,"144,527","134,784","144,070","9,286","66,367","24,669",,,953,"5,239","44,027","2,815",,-203,"15,674","4,747","4,994",-447,"-8,352","-7,127",2.24,0.91,,"67,434","10,130",,353,"77,917","7,938","14,376","71,478","144,070","134,784",1.19,1.17
PACE,05Jan2021,Mountain,N,"144,213","135,276","142,465","7,189","63,275","24,363",,,932,"6,129","44,948","2,818",,"-2,576","21,999","4,984","4,274",-382,"-9,886","-11,224",2.24,0.91,,"64,400","10,026",,365,"74,791","11,052","16,308","69,536","142,465","135,276",1.16,1.13
PACE,06Jan2021,Mountain,N,"143,544","141,212","151,059","9,847","75,777","28,023",,,"1,046","6,567","36,757","2,889",,40,"19,016","4,266","6,048",-739,"-12,587","-6,197",2.24,0.91,,"77,159","11,530",,315,"89,004","8,450","17,074","80,380","151,059","141,212",1.30,1.25
PACE,07Jan2021,Mountain,N,"143,549","140,118","148,974","8,856","81,939","30,667",,,"1,059","6,577","25,726","3,006",,"1,825","21,000","4,150","6,944",-974,"-18,464","-5,625",2.24,0.90,,"83,190","12,537",,242,"95,970","11,114","20,839","86,245","148,974","140,118",1.42,1.36
PACE,08Jan2021,Mountain,N,"142,653","139,832","133,688","-6,144","84,534","28,234",,,980,"4,700","12,010","3,230",,338,"18,749","2,825","4,082","-1,186","-22,363","-8,589",2.24,0.90,,"85,786","11,512",,139,"97,437","15,653","18,574","94,517","133,688","139,832",1.61,1.49
PACE,09Jan2021,Mountain,N,"138,922","136,712","122,413","-14,299","83,175","29,680",,,963,"3,266","2,094","3,235",,806,"19,452","2,108","3,674","-2,245","-28,213","-9,881",2.24,0.90,,"84,360","12,101",,64,"96,524","21,726","20,361","97,890","122,415","136,714",1.74,1.58
PACE,10Jan2021,Mountain,N,"139,466","136,010","136,336",326,"73,353","29,836",,,960,"4,670","24,249","3,268",,780,"19,023","2,556","4,556","-2,294","-16,928","-7,367",2.24,0.90,,"74,468","12,176",,221,"86,865","13,563","17,289","83,139","136,336","136,010",1.40,1.35
PACE,11Jan2021,Mountain,N,"146,332","141,066","143,720","2,654","67,044","28,177",,,952,"6,510","37,774","3,263",,"-1,446","17,162","2,753","4,467",-972,"-13,728","-5,582",2.24,0.90,,"68,145","11,518",,323,"79,987","9,776","13,848","75,914","143,720","141,066",1.23,1.19
PACE,12Jan2021,Mountain,N,"145,689","138,404","157,346","18,942","72,231","28,758",,,908,"5,354","46,867","3,228",,"-1,567","17,257","5,713","7,815",-290,"-7,518","-2,468",2.24,0.90,,"73,399","11,769",,375,"85,543","4,655","16,717","73,481","157,346","138,404",1.20,1.17
PACE,13Jan2021,Mountain,N,"142,795","135,469","144,332","8,863","60,097","23,834",,,942,"6,035","50,240","3,184",,"-2,841","10,472","6,346","6,125","-1,143","-6,550","-3,546",2.24,0.91,,"61,147","9,806",,402,"71,355","5,658","12,237","64,776","144,332","135,469",1.09,1.05
PACE,14Jan2021,Mountain,N,"141,537","136,925","150,669","13,744","63,206","30,108",,,903,"6,777","46,348","3,327",,"-1,676","23,536","5,244","8,024","-1,268","-8,554","-11,552",2.25,0.91,,"64,376","12,397",,382,"77,156","11,518","19,615","69,059","150,669","136,915",1.13,1.11
PACE,15Jan2021,Mountain,N,"140,836","135,091","151,282","16,191","64,150","27,386",,,938,"7,029","48,457","3,322",,"-1,300","24,224","5,790","7,394",-817,"-9,709","-9,391",2.24,0.91,,"65,283","11,260",,398,"76,940","10,211","19,601","67,550","151,282","135,091",1.12,1.10
PACE,16Jan2021,Mountain,N,"134,616","128,784","139,226","10,442","67,543","26,785",,,953,"6,738","33,971","3,236",,"-2,199","25,408","5,257","7,002",-506,"-14,376","-10,144",2.24,0.90,,"68,613","10,983",,299,"79,895","13,205","21,721","71,379","139,226","128,784",1.27,1.22
PACE,17Jan2021,Mountain,N,"132,421","127,827","141,813","13,986","60,001","25,687",,,869,"7,129","44,867","3,260",,"-2,760","23,194","6,251","6,935","-1,198","-8,164","-10,272",2.24,0.90,,"61,009","10,541",,374,"71,923","11,301","19,273","63,952","141,813","127,827",1.12,1.10
PACE,18Jan2021,Mountain,N,"142,296","135,437","127,240","-8,197","65,680","26,342",,,942,"4,530","26,474","3,272",,"-3,569","20,815","2,955","5,224",-957,"-19,147","-13,518",2.24,0.91,,"66,857","10,830",,235,"77,921","18,618","18,286","78,253","127,240","135,437",1.35,1.27
PACE,19Jan2021,Mountain,N,"144,521","135,088","136,382","1,294","72,279","27,016",,,846,"6,970","25,935","3,336",,-862,"24,882","3,826","7,507",-704,"-23,993","-9,362",2.24,0.90,,"73,546","11,080",,247,"84,873","17,308","22,271","79,910","136,382","135,088",1.37,1.30
PACE,20Jan2021,Mountain,N,"143,372","133,473","151,236","17,763","69,257","27,629",,,826,"6,700","43,554","3,270",,"-1,763","28,104","5,365","7,566",75,"-12,102","-9,482",2.24,0.91,,"70,424","11,364",,362,"82,150","11,108","22,356","70,902","151,236","133,473",1.20,1.17
PACE,21Jan2021,Mountain,N,"141,866","134,267","136,417","2,150","70,763","31,277",,,974,"6,030","24,162","3,211",,"-2,766","25,547","4,581","5,586",270,"-19,024","-12,044",2.24,0.90,,"71,841","12,835",,229,"84,905","16,867","21,774","79,998","136,417","134,267",1.37,1.31
PACE,22Jan2021,Mountain,N,"139,852","134,691","124,571","-10,120","73,385","34,608",,,992,"2,482","9,932","3,172",,-947,"23,280","3,890","5,599",-921,"-26,769","-14,252",2.24,0.90,,"74,497","14,194",,110,"88,801","22,094","22,059","88,836","124,571","134,691",1.57,1.45
PACE,23Jan2021,Mountain,N,"136,311","131,745","124,874","-6,871","80,131","30,329",,,913,"3,586","6,837","3,078",,"-1,626","27,269","4,342","7,473",-575,"-27,782","-15,972",2.24,0.91,,"81,412","12,487",,96,"93,995","24,713","27,410","91,298","124,874","131,745",1.66,1.53
PACE,24Jan2021,Mountain,N,"136,651","132,204","125,660","-6,544","76,346","30,681",,,912,"3,753","10,778","3,190",,"-2,674","25,103","3,874","4,926","-1,360","-23,993","-12,420",2.24,0.90,,"77,529","12,591",,124,"90,244","20,498","23,021","87,721","125,660","132,204",1.58,1.46
PACE,25Jan2021,Mountain,N,"147,013","139,584","131,893","-7,691","85,616","35,389",,,935,"4,273","2,434","3,246",,"-1,530","26,155","2,908","6,848",-577,"-29,194","-12,301",2.24,0.91,,"87,030","14,537",,73,"101,639","22,435","25,682","98,392","131,893","139,584",1.70,1.55
PACE,26Jan2021,Mountain,N,"147,132","138,359","137,741",-618,"81,110","36,608",,,894,"5,759","10,143","3,227",,"-1,512","29,665","3,524","6,793","-1,310","-28,534","-9,244",2.24,0.90,,"82,329","14,975",,133,"97,437","20,246","26,502","91,181","137,741","138,359",1.56,1.45
PACE,27Jan2021,Mountain,N,"147,158","139,344","164,808","25,464","74,950","33,459",,,892,"4,610","47,623","3,274",,"1,811","24,294","6,077","8,754",-655,"-12,147","-2,670",2.24,0.90,,"76,086","13,701",,376,"90,162","5,991","22,135","74,018","164,808","139,344",1.21,1.17
PACE,28Jan2021,Mountain,N,"142,800","134,110","154,582","20,472","70,233","32,807",,,867,"5,911","41,527","3,237",,-603,"27,211","5,680","8,153","-1,023","-13,801","-5,145",2.25,0.91,,"71,540","13,469",,343,"85,353","9,332","22,639","72,046","154,582","134,110",1.22,1.18
PACE,29Jan2021,Mountain,N,"142,141","128,984","143,548","14,564","66,371","31,605",,,931,"4,179","37,231","3,231",,"-1,754","30,972","5,050","7,072",-334,"-19,450","-6,992",2.25,0.91,,"67,712","13,016",,304,"81,032","13,382","23,986","70,428","143,548","128,984",1.24,1.20
PACE,30Jan2021,Mountain,N,"135,985","126,253","131,466","5,213","54,891","28,913",,,961,"8,240","35,161","3,300",,"-4,092","28,365","6,456","6,821","-1,978","-18,210","-12,149",2.25,0.91,,"56,009","11,926",,317,"68,252","17,083","21,782","63,553","131,466","126,253",1.14,1.11
PACE,31Jan2021,Mountain,N,"135,865","125,677","132,388","6,711","54,594","27,386",,,966,"8,374","37,730","3,338",,"-3,102","19,873","5,553","4,857","-1,266","-14,284","-4,920",2.25,0.91,,"55,597","11,264",,336,"67,197","9,771","15,512","61,456","132,388","125,677",1.12,1.08
PACE,01Feb2021,Mountain,N,"138,995","135,326","141,224","5,898","63,820","30,760",,,976,"3,361","39,032","3,275",,614,"16,587","3,814","6,948","-1,300","-17,213","-3,552",2.24,0.90,,"64,945","12,597",,311,"77,853","9,430","15,179","72,104","141,224","135,326",1.22,1.17
PACE,02Feb2021,Mountain,N,"137,969","129,841","145,556","15,715","58,182","30,977",,,965,"7,442","44,739","3,251",,228,"24,078","4,924","7,026",-779,"-12,777","-6,985",2.25,0.91,,"59,346","12,738",,376,"72,460","9,767","18,531","63,695","145,556","129,841",1.10,1.08
PACE,03Feb2021,Mountain,N,"142,761","129,357","140,863","11,506","55,420","28,291",,,963,"6,341","46,648","3,200",,"-1,783","27,710","4,704","5,220",-692,"-13,023","-10,630",2.25,0.91,,"56,598","11,686",,381,"68,665","12,397","18,676","62,387","140,863","129,357",1.07,1.06
PACE,04Feb2021,Mountain,N,"139,079","134,470","146,205","11,735","57,948","29,183",,,969,"7,143","47,711","3,251",,-612,"21,598","4,696","6,169","-1,746","-11,360","-7,010",2.25,0.91,,"59,141","12,027",,393,"71,562","8,994","16,631","63,925","146,205","134,470",1.08,1.05
PACE,05Feb2021,Mountain,N,"145,134","134,954","144,689","9,735","56,772","32,884",,,"1,080","7,711","43,027","3,215",,-256,"20,470","6,688","5,831","-1,345","-17,227","-4,426",2.24,0.91,,"57,736","13,505",,367,"71,607","9,874","17,107","64,374","144,689","134,954",1.09,1.05
PACE,06Feb2021,Mountain,N,"134,145","124,801","135,313","10,512","56,824","26,693",,,"1,074","8,734","38,766","3,222",,-189,"25,210","7,603","6,713",156,"-24,476","-4,505",2.24,0.91,,"57,751","10,990",,345,"69,086","12,772","21,359","60,499","135,313","124,801",1.13,1.07
PACE,07Feb2021,Mountain,N,"130,103","116,210","133,998","17,788","59,568","23,928",,,980,"8,621","37,698","3,203",,-194,"25,374","6,058","7,024",473,"-16,304","-4,643",2.24,0.90,,"60,532","9,807",,336,"70,675","10,150","22,413","58,412","133,998","116,210",1.16,1.11
PACE,08Feb2021,Mountain,N,"138,695","126,969","137,098","10,129","69,325","27,167",,,958,"6,529","29,943","3,176",,59,"28,753","4,025","5,690",794,"-21,074","-8,118",2.24,0.90,,"70,493","11,096",,270,"81,860","14,489","24,442","71,907","137,098","126,969",1.32,1.25
PACE,09Feb2021,Mountain,N,"139,221","130,312","148,890","18,578","78,560","31,851",,,996,"2,964","31,352","3,167",,"1,918","31,520","4,457","6,685","2,008","-22,257","-5,753",2.24,0.90,,"79,807","12,970",,256,"93,033","13,663","28,390","78,306","148,890","130,312",1.38,1.32
PACE,10Feb2021,Mountain,N,"137,630","125,941","150,781","24,840","73,376","29,553",,,"1,000","6,782","36,953","3,117",,"1,768","30,994","5,631","6,555","2,769","-22,962",85,2.24,0.90,,"74,543","12,014",,319,"86,876","9,861","27,790","68,947","150,781","125,941",1.27,1.21
PACE,11Feb2021,Mountain,N,"138,465","122,403","147,089","24,686","78,541","27,300",,,917,"7,128","30,104","3,099",,"1,533","32,481","5,930","7,067","1,854","-23,203",-976,2.24,0.90,,"79,823","11,093",,275,"91,191","9,505","29,058","71,638","147,089","122,403",1.37,1.29
PACE,12Feb2021,Mountain,N,"138,697","119,711","126,873","7,162","82,947","26,799",,,940,"5,810","7,465","2,912",,"2,095","27,703","4,746","5,900",882,"-30,830","-3,334",2.24,0.90,,"84,339","10,905",,114,"95,359","14,804","28,642","81,521","126,873","119,711",1.66,1.50
PACE,13Feb2021,Mountain,N,"136,771","120,194","118,154","-2,040","83,747","20,527",,,969,"1,707","8,212","2,992",,"5,289","15,215",-2,"5,982","-1,159","-30,013","2,648",2.24,0.90,,"85,153","8,350",,92,"93,596","13,365","22,106","84,854","118,154","120,194",1.75,1.56
PACE,14Feb2021,Mountain,N,"137,437","120,642","126,643","6,001","85,529","18,800",,,"1,017","6,407","11,774","3,116",,"6,805","18,111",287,"6,503","-1,937","-28,884","5,116",2.24,0.90,,"86,941","7,643",,149,"94,734","13,109","25,791","82,052","126,643","120,642",1.65,1.50
PACE,15Feb2021,Mountain,N,"142,186","122,987","145,265","22,278","84,485","19,868",,,"1,005","4,874","32,090","2,943",,"9,340","12,988","1,912","8,628","-3,003","-21,052","13,465",2.24,0.90,,"85,993","8,088",,273,"94,353","9,044","28,481","74,917","145,265","122,987",1.43,1.34
PACE,16Feb2021,Mountain,N,"142,840","128,717","130,854","2,137","74,998","22,273",,,"1,073","6,439","23,190","2,881",,"6,716","2,300","1,013","6,973","-2,830","-21,081","9,046",2.25,0.90,,"76,372","9,080",,224,"85,676","8,294","19,658","74,311","130,854","128,717",1.44,1.27
PACE,17Feb2021,Mountain,N,"141,876","125,862","105,259","-20,603","70,597","16,641",,,"1,036","6,910","7,207","2,868",,"6,550","-6,070",-52,"4,987","-6,375","-28,958","9,301",2.25,0.90,,"71,936","6,787",,120,"78,843","14,587","16,548","76,882","105,259","125,876",1.65,1.35
PACE,18Feb2021,Mountain,N,"143,374","128,007","136,011","8,004","80,550","18,895",,,"1,035","10,771","21,917","2,843",,"6,575","6,674","1,643","7,829","-5,655","-25,481","16,419",2.25,0.90,,"82,045","7,706",,244,"89,994","12,367","24,683","77,678","136,011","128,007",1.46,1.34
PACE,19Feb2021,Mountain,N,"139,275","129,074","157,809","28,735","71,916","22,223",,,"1,025","8,875","50,940","2,830",,"4,798","13,567","4,261","7,897","-5,411","-7,936","11,559",2.25,0.90,,"73,324","9,087",,424,"82,835","4,373","22,429","64,778","157,809","129,074",1.16,1.11
PACE,20Feb2021,Mountain,N,"134,029","127,812","133,690","5,878","67,157","22,048",,,"1,012","6,083","34,331","3,059",,"3,524","11,583","3,843","5,254","-4,000","-16,746","2,420",2.25,0.90,,"68,515","9,045",,296,"77,856","9,429","18,936","68,350","133,690","127,812",1.28,1.18
PACE,21Feb2021,Mountain,N,"131,238","127,497","152,359","24,862","63,319","20,778",,,"1,012","11,102","52,970","3,178",,"3,228","21,123","5,746","6,905",-899,"-10,781",-460,2.25,0.91,,"64,642","8,552",,455,"73,649","5,959","20,099","59,509","152,359","127,497",1.07,1.03
PACE,22Feb2021,Mountain,N,"138,794","132,115","164,067","31,952","69,527","22,024",,,"1,010","11,004","57,350","3,152",,"5,081","16,033","7,793","8,835","-1,876","-6,978","3,064",2.25,0.91,,"70,998","9,069",,483,"80,550","2,950","20,773","62,727","164,067","132,115",1.08,1.05
PACE,23Feb2021,Mountain,N,"137,086","133,897","146,778","12,881","65,581","21,722",,,"1,014","9,002","46,270","3,189",,"3,166","10,499","8,134","8,165","-3,316","-11,109","-2,641",2.25,0.91,,"66,855","8,954",,396,"76,205","7,420","17,429","66,195","146,778","133,880",1.14,1.09
PACE,24Feb2021,Mountain,N,"138,790","136,580","118,913","-17,667","71,341","23,187",,,"1,026","10,264","9,895","3,200",,698,"13,021","2,401","4,602","-3,338","-26,264","-8,787",2.24,0.91,,"72,644","9,544",,162,"82,350","18,374","15,569","85,154","118,913","136,580",1.53,1.37
PACE,25Feb2021,Mountain,N,"140,533","139,047","145,472","6,425","65,361","25,355",,,"1,014","11,350","39,166","3,226",,"1,328","15,552","5,045","4,698","-2,631","-16,228","-1,339",2.24,0.90,,"66,423","10,402",,365,"77,190","8,879","15,774","70,295","145,472","139,047",1.17,1.11
PACE,26Feb2021,Mountain,N,"138,215","137,487","155,843","18,356","61,017","23,332",,,991,"10,907","56,403","3,193",,445,"16,614","6,397","5,740",-591,"-8,353","-1,896",2.24,0.91,,"62,026","9,601",,476,"72,103","4,522","15,223","61,402","155,843","137,487",1.02,0.98
PACE,27Feb2021,Mountain,N,"135,877","133,508","131,878","-1,630","65,722","20,256",,,"1,002","8,374","33,232","3,292",,-620,"14,546","4,325","3,626",-408,"-14,439","-8,660",2.24,0.91,,"66,852","8,356",,306,"75,514","11,497","15,565","71,445","131,878","133,508",1.26,1.18
PACE,28Feb2021,Mountain,N,"134,815","131,481","141,682","10,201","60,089","19,730",,,997,"11,772","45,807","3,287",,-465,"20,360","5,472","5,914","-1,701","-11,371","-8,008",2.24,0.91,,"61,081","8,137",,412,"69,630","10,756","17,293","63,094","141,682","131,481",1.08,1.06
PACE,01Mar2021,Mountain,N,"139,090","134,203","151,204","17,001","73,248","19,613",,,995,"11,732","42,366","3,250",,"3,101","16,858","5,068","7,006","-1,760","-14,422","1,150",2.24,0.90,,"74,404","8,043",,389,"82,835","6,378","18,353","70,860","151,204","134,203",1.21,1.16
PACE,02Mar2021,Mountain,N,"137,970","136,363","146,139","9,776","61,834","22,242",,,"1,249","10,591","47,062","3,161",,"1,053","13,603","5,285","5,597","-2,206","-7,440","-6,116",2.24,0.91,,"62,965","9,152",,413,"72,530","7,760","13,866","66,424","146,139","136,363",1.09,1.07
PACE,03Mar2021,Mountain,N,"132,993","132,850","137,613","4,763","74,328","25,643",,,"1,250","10,078","23,205","3,109",,"3,602","17,656","7,140","8,452","-2,282","-21,994","-7,811",2.24,0.91,,"75,629","10,536",,251,"86,416","16,347","22,187","80,575","137,613","132,850",1.38,1.34
PACE,04Mar2021,Mountain,N,"132,846","132,454","123,924","-8,530","77,086","25,740",,,"1,240","8,585","8,148","3,125",,133,"25,043","5,167","5,501",-931,"-30,249","-13,194",2.24,0.91,,"78,471","10,584",,141,"89,196","24,494","25,589","88,101","123,924","132,454",1.59,1.47
PACE,05Mar2021,Mountain,N,"130,824","126,652","123,589","-3,063","66,416","18,504",,,992,"10,951","23,615","3,111",,864,"18,019","5,495","6,185","-1,339","-26,517","-5,770",2.24,0.91,,"67,560","7,608",,258,"75,426","15,686","18,462","72,650","123,589","126,652",1.35,1.26
PACE,06Mar2021,Mountain,N,"124,950","124,737","130,194","5,457","56,568","19,259",,,"1,057","10,500","39,764","3,046",,105,"21,689","3,946","3,993","-1,573","-16,741","-5,962",2.25,0.91,,"57,626","7,920",,362,"65,908","11,093","16,043","60,958","130,194","124,737",1.12,1.08
PACE,07Mar2021,Mountain,N,"120,201","122,159","130,992","8,833","71,379","21,129",,,"1,101","10,493","23,818","3,072",,"2,578","29,457","1,807","7,121","-1,906","-20,073","-10,151",2.25,0.91,,"72,928","8,716",,256,"81,901","16,340","25,017","73,224","130,992","122,159",1.38,1.32
PACE,08Mar2021,Mountain,N,"128,792","128,853","134,731","5,878","67,308","23,758",,,"1,276","11,748","27,647","2,994",,"4,700","25,366","2,637","2,309",210,"-17,575","-11,769",2.25,0.91,,"68,754","9,803",,291,"78,848","16,396","21,856","73,388","134,731","128,853",1.29,1.26
PACE,09Mar2021,Mountain,N,"135,932","130,548","133,742","3,194","67,789","24,286",,,"1,256","6,740","30,655","3,016",,"1,123","23,157","3,338","3,522",433,"-14,258","-14,121",2.25,0.91,,"69,125","10,018",,278,"79,420","15,864","19,598","75,686","133,742","130,548",1.31,1.28
PACE,10Mar2021,Mountain,N,"133,490","133,383","135,977","2,594","75,548","27,506",,,"1,277","8,659","19,915","3,072",,"2,122","28,501","4,360","7,265",-9,"-24,919","-14,726",2.25,0.91,,"76,957","11,325",,219,"88,501","21,758","27,193","83,067","135,977","133,383",1.43,1.37
PACE,11Mar2021,Mountain,N,"135,172","132,683","122,338","-10,345","81,026","27,972",,,"1,023","6,354","2,910","3,053",,"3,580","22,698","2,813","6,876",-749,"-31,662","-13,901",2.24,0.90,,"82,263","11,472",,89,"93,825","25,999","25,932","93,891","122,338","132,683",1.69,1.56
PACE,12Mar2021,Mountain,N,"132,952","132,441","117,298","-15,143","68,821","26,831",,,988,"3,414","14,137","3,107",,956,"17,399","2,036","3,390",-181,"-24,869","-13,874",2.23,0.91,,"69,760","11,026",,144,"80,931","22,040","16,599","86,372","117,298","132,441",1.52,1.44
PACE,13Mar2021,Mountain,N,"129,185","128,894","114,209","-14,685","54,309","20,174",,,971,"7,718","28,075","2,962",,"-2,094","15,926",792,"1,593",235,"-15,788","-15,349",2.24,0.91,,"55,091","8,315",,265,"63,670","19,866","12,397","71,139","114,209","128,894",1.23,1.22
PACE,14Mar2021,Mountain,N,"118,913","116,866","119,196","2,330","52,180","21,371",,,"1,153","10,646","31,127","2,719",,-530,"22,660","2,516","4,733",415,"-14,810","-12,654",2.24,0.91,,"53,078","8,807",,304,"62,189","14,999","16,635","60,553","119,196","116,866",1.15,1.14
PACE,15Mar2021,Mountain,N,"130,981","123,107","123,486",379,"66,352","19,544",,,986,"9,727","24,067","2,810",,"2,487","20,012","3,945","6,529",-293,"-23,445","-8,856",2.24,0.91,,"67,481","8,031",,250,"75,762","16,302","20,191","71,873","123,486","123,107",1.35,1.29
PACE,16Mar2021,Mountain,N,"131,445","124,680","121,586","-3,094","73,400","26,785",,,963,"6,103","11,480","2,855",,"2,379","23,361","2,392","5,460",34,"-26,602","-10,118",2.24,0.91,,"74,690","11,006",,143,"85,838","20,337","23,909","82,267","121,586","124,680",1.56,1.45
PACE,17Mar2021,Mountain,N,"129,847","126,742","128,066","1,324","75,556","28,461",,,"1,106","10,493","9,613","2,837",,"2,622","31,696","4,544","7,295",428,"-30,189","-15,072",2.25,0.91,,"76,971","11,740",,160,"88,872","26,306","31,936","83,242","128,066","126,742",1.53,1.45
PACE,18Mar2021,Mountain,N,"127,397","128,460","129,668","1,208","74,543","28,102",,,967,"8,990","14,232","2,834",,"4,145","28,198","5,097","7,179",-193,"-30,837","-12,381",2.24,0.91,,"75,806","11,572",,180,"87,558","25,606","29,549","83,615","129,668","128,460",1.49,1.44
PACE,19Mar2021,Mountain,N,"125,833","123,812","132,925","9,113","61,340","25,373",,,982,"12,261","30,128","2,841",,"2,283","29,369","4,115","7,262",-495,"-24,630","-8,791",2.24,0.91,,"62,280","10,425",,308,"73,012","17,778","24,174","66,616","132,925","123,812",1.21,1.19
PACE,20Mar2021,Mountain,N,"122,071","124,959","119,413","-5,546","55,650","21,229",,,"1,029","7,388","31,084","3,033",,"-1,631","20,860","4,639","2,625","1,011","-16,466","-16,584",2.25,0.91,,"56,671","8,758",,283,"65,712","17,995","17,851","65,857","119,413","124,959",1.21,1.16
PACE,21Mar2021,Mountain,N,"120,872","125,241","108,372","-16,869","55,166","22,091",,,"1,266","9,549","17,161","3,139",,"-2,364","16,980","2,940",901,18,"-16,142","-19,202",2.24,0.91,,"56,160","9,120",,207,"65,488","18,186","13,496","70,178","108,372","125,241",1.33,1.24
PACE,22Mar2021,Mountain,N,"130,157","134,709","119,157","-15,552","62,985","23,495",,,"1,304","10,788","17,479","3,106",,-684,"21,338","4,229","2,747","-2,110","-26,029","-15,043",2.24,0.91,,"63,912","9,676",,218,"73,806","22,695","18,409","78,092","119,157","134,709",1.37,1.28
PACE,23Mar2021,Mountain,N,"131,045","133,234","131,844","-1,390","64,277","29,756",,,"1,285","8,259","25,254","3,013",,"2,327","23,470","3,774","5,694","-2,693","-20,687","-13,275",2.24,0.91,,"65,196","12,254",,252,"77,702","17,833","20,680","74,855","131,844","133,234",1.30,1.24
PACE,24Mar2021,Mountain,N,"128,723","134,949","126,916","-8,033","66,138","23,839",,,"1,313","12,062","20,458","3,106",,761,"22,382","3,762","5,117","-2,395","-23,912","-13,748",2.23,0.91,,"66,998","9,799",,246,"77,043","19,888","20,019","76,911","126,916","134,949",1.34,1.26
PACE,25Mar2021,Mountain,N,"129,231","135,502","137,913","2,411","68,231","28,673",,,"1,360","5,029","31,558","3,062",,"1,834","19,869","3,359","4,534","-1,372","-17,503","-8,191",2.23,0.90,,"68,968","11,767",,273,"81,008","12,750","17,528","76,230","137,913","135,383",1.29,1.24
PACE,26Mar2021,Mountain,N,"127,635","131,529","112,452","-19,077","64,765","26,459",,,"1,231","7,435","9,467","3,095",,"1,510","12,475","3,167","3,348","-2,588","-23,813","-13,176",2.23,0.91,,"65,628","10,899",,141,"76,669","20,784","15,301","82,151","112,452","131,529",1.50,1.38
PACE,27Mar2021,Mountain,N,"121,347","125,392","124,502",-890,"54,147","22,529",,,"1,169","14,723","28,759","3,175",,"1,391","17,037","4,208","4,788","-1,705","-15,264","-11,345",2.23,0.91,,"54,811","9,292",,319,"64,421","14,295","15,613","63,103","124,502","125,392",1.14,1.11
PACE,28Mar2021,Mountain,N,"115,854","120,605","150,256","29,651","49,283","22,050",,,"1,211","14,926","59,666","3,120",,"2,230","24,105","6,319","7,106",251,"-4,160","-6,200",2.23,0.91,,"49,787","9,088",,526,"59,401","6,037","17,199","48,238","150,256","120,605",0.87,0.88
PACE,29Mar2021,Mountain,N,"123,030","130,084","139,303","9,219","51,437","23,339",,,"1,358","13,662","46,419","3,088",,"1,450","17,113","6,014","5,778",279,"-9,245","-12,286",2.24,0.91,,"52,240","9,662",,430,"62,331","10,614","15,430","57,515","139,303","130,200",0.99,0.97
PACE,30Mar2021,Mountain,N,"132,251","130,270","132,000","1,730","59,072","24,353",,,"1,644","14,745","28,955","3,231",,"3,688","18,053","3,001","4,410",728,"-14,442","-13,718",2.24,0.91,,"59,900","10,049",,324,"70,273","15,039","17,246","68,066","132,000","130,280",1.17,1.15
PACE,31Mar2021,Mountain,N,"129,525","130,694","129,382","-1,312","59,100","24,211",,,"1,968","15,002","25,905","3,196",,"3,607","21,295","2,879","2,946","-1,482","-20,673","-9,879",2.23,0.91,,"59,817","9,943",,307,"70,068","16,724","17,227","69,565","129,382","130,689",1.19,1.17
PACE,01Apr2021,Mountain,N,"124,837","127,664","138,229","10,565","48,891","25,629",,,"1,973","13,679","44,928","3,129",,"2,507","18,772","4,272","6,071",-276,"-14,374","-6,407",2.24,0.91,,"49,597","10,536",,424,"60,558","9,751","14,961","55,348","138,229","127,664",0.97,0.96
PACE,02Apr2021,Mountain,N,"122,327","119,625","122,885","3,260","50,308","20,773",,,"1,654","14,092","33,022","3,036",,"1,150","23,749","4,685","6,405",-869,"-17,657","-14,203",2.25,0.91,,"51,235","8,562",,345,"60,142","17,020","18,445","58,716","122,885","119,625",1.08,1.08
PACE,03Apr2021,Mountain,N,"116,680","113,489","111,319","-2,170","52,814","16,557",,,"1,644","14,601","22,706","2,997",,"1,431","21,935","1,738","5,450","-1,096","-17,141","-14,487",2.24,0.91,,"53,641","6,810",,279,"60,731","18,777","18,128","61,379","111,319","113,489",1.20,1.19
PACE,04Apr2021,Mountain,N,"114,387","115,826","112,012","-3,814","54,340","20,895",,,"1,956","14,010","18,438","2,373",,"1,886","15,500","1,360","4,708",-996,"-11,532","-14,751",2.23,0.91,,"55,089","8,590",,245,"63,924","15,241","15,100","64,065","112,012","115,837",1.26,1.22
PACE,05Apr2021,Mountain,N,"121,895","122,839","123,519",680,"57,113","23,199",,,"1,801","13,586","25,535","2,285",,601,"21,991","1,982","8,255","-1,149","-14,592","-16,406",2.24,0.91,,"58,005","9,553",,288,"67,846","17,299","19,079","66,065","123,519","122,837",1.21,1.19
PACE,06Apr2021,Mountain,N,"124,677","125,817","136,176","10,359","58,279","26,671",,,"1,950","13,904","32,961","2,411",,"-1,990","29,738","2,365","9,427","1,042","-12,087","-18,136",2.24,0.91,,"59,201","10,974",,341,"70,516","15,729","22,377","63,868","136,176","125,817",1.14,1.12
PACE,07Apr2021,Mountain,N,"120,108","119,535","129,811","10,276","58,338","21,117",,,"1,735","14,646","31,592","2,383",,-981,"26,734","2,416","9,209",620,"-14,586","-13,136",2.24,0.91,,"59,254","8,676",,335,"68,266","13,156","20,969","60,454","129,811","119,535",1.16,1.11
PACE,08Apr2021,Mountain,N,"122,697","121,752","136,496","14,744","45,543","23,539",,,"1,917","13,384","49,720","2,393",,"-1,713","22,526","2,087","7,771","1,034","-8,332","-8,629",2.23,0.90,,"46,138","9,635",,449,"56,222","8,966","15,611","49,578","136,496","121,752",0.91,0.90
PACE,09Apr2021,Mountain,N,"122,449","116,620","118,139","1,519","48,328","21,245",,,"1,564","15,114","29,439","2,449",,"-2,437","22,254","2,048","7,280",100,"-12,473","-15,253",2.24,0.91,,"49,010","8,724",,324,"58,058","13,762","16,089","55,730","118,139","116,620",1.08,1.05
PACE,10Apr2021,Mountain,N,"113,950","111,420","127,689","16,269","38,243","21,023",,,"1,586","15,539","48,910","2,388",,"-2,031","21,710","2,478","7,251","1,198","-5,544","-8,793",2.23,0.91,,"38,710","8,631",,456,"47,796","8,504","13,530","42,770","127,689","111,420",0.83,0.85
PACE,11Apr2021,Mountain,N,"111,746","111,996","126,519","14,523","46,456","24,098",,,"2,106","15,322","36,115","2,422",,"-1,957","31,207","2,670","8,175","2,524","-11,044","-17,052",2.24,0.91,,"47,106","9,904",,373,"57,383","15,192","20,693","51,882","126,519","111,996",1.00,1.02
PACE,12Apr2021,Mountain,N,"120,964","121,030","119,645","-1,385","53,010","26,342",,,"2,216","15,299","20,330","2,448",,"-2,106","29,823",316,"7,737","2,925","-21,450","-18,630",2.24,0.91,,"53,800","10,824",,268,"64,893","22,999","22,930","64,962","119,645","121,030",1.20,1.18
PACE,13Apr2021,Mountain,N,"121,716","125,733","124,336","-1,397","54,258","24,162",,,"2,300","12,918","28,275","2,423",,-761,"17,571","3,362","7,035",164,"-18,275","-10,493",2.24,0.90,,"55,027","9,909",,306,"65,242","14,057","15,629","63,670","124,336","125,733",1.16,1.12
PACE,14Apr2021,Mountain,N,"124,118","130,076","116,015","-14,061","52,793","24,482",,,"2,237","8,250","25,855","2,398",,"-2,073","17,020","-1,773","3,018",-276,"-18,377","-11,600",2.23,0.90,,"53,483","10,032",,258,"63,773","15,879","11,640","68,012","116,015","130,076",1.21,1.15
PACE,15Apr2021,Mountain,N,"128,198","127,914","116,381","-11,533","54,747","27,769",,,"2,305","8,789","20,332","2,439",,"-1,395","19,892","-3,633","4,643",472,"-19,232","-12,280",2.23,0.90,,"55,451","11,345",,226,"67,021","17,381","14,210","70,192","116,381","127,914",1.27,1.21
PACE,16Apr2021,Mountain,N,"127,208","126,991","122,699","-4,292","65,139","27,352",,,"2,380","11,309","14,017","2,502",,-887,"25,087",522,"6,002","1,169","-20,151","-16,034",2.23,0.90,,"66,019","11,194",,201,"77,414","19,904","20,849","76,469","122,699","126,991",1.39,1.33
PACE,17Apr2021,Mountain,N,"116,127","116,983","108,192","-8,791","56,607","21,848",,,"2,120","12,650","12,449","2,518",,-249,"25,739",-436,"5,879",929,"-22,146","-18,507",2.24,0.90,,"57,412","8,956",,198,"66,566","24,617","21,202","69,981","108,192","116,983",1.36,1.32
PACE,18Apr2021,Mountain,N,"113,977","113,767","114,196",429,"48,192","18,874",,,"2,400","16,189","26,022","2,519",,491,"20,663","1,507","6,665",-564,"-16,612","-11,721",2.23,0.90,,"48,799","7,714",,314,"56,827","15,928","17,127","55,628","114,196","113,767",1.10,1.08
PACE,19Apr2021,Mountain,N,"124,226","127,882","131,906","4,024","58,990","24,839",,,"2,878","13,809","28,981","2,409",,909,"21,810","4,377","8,142",912,"-19,278","-12,848",2.24,0.90,,"59,915","10,184",,320,"70,420","16,410","19,639","67,191","131,906","127,882",1.18,1.16
PACE,20Apr2021,Mountain,N,"126,354","126,816","129,732","2,916","66,317","25,022",,,"2,838","14,578","18,522","2,455",,645,"25,296",618,"8,448","1,249","-18,433","-14,907",2.24,0.90,,"67,335","10,244",,256,"77,834","18,008","22,094","73,749","129,732","126,816",1.32,1.28
PACE,21Apr2021,Mountain,N,"122,948","127,143","118,990","-8,153","68,944","21,325",,,"2,630","12,918","10,717","2,456",,"-1,004","19,890","-1,143","5,692","1,493","-18,307","-14,774",2.23,0.90,,"69,892","8,706",,191,"78,789","18,607","17,712","79,685","118,990","127,143",1.46,1.38
PACE,22Apr2021,Mountain,N,"121,779","127,868","128,006",138,"60,108","23,157",,,"2,841","14,492","24,972","2,436",,"-1,246","18,941","2,373","6,525",845,"-15,380","-11,920",2.24,0.91,,"61,087","9,515",,298,"70,900","13,008","15,829","68,079","128,006","127,868",1.22,1.17
PACE,23Apr2021,Mountain,N,"121,208","122,825","119,239","-3,586","61,258","21,730",,,"2,456","15,522","15,817","2,456",,"-2,299","21,025",426,"5,328",861,"-18,383","-10,544",2.24,0.90,,"62,169","8,896",,241,"71,307","14,709","16,668","69,347","119,239","122,825",1.32,1.24
PACE,24Apr2021,Mountain,N,"116,746","122,150","117,663","-4,487","51,483","24,732",,,"2,458","11,519","25,006","2,465",,"-3,608","23,041",-184,"1,787","1,676","-13,467","-13,732",2.24,0.90,,"52,296","10,144",,276,"62,716","14,315","14,386","62,645","117,663","122,150",1.18,1.13
PACE,25Apr2021,Mountain,N,"116,126","120,637","125,165","4,528","48,554","24,607",,,"3,069","10,052","36,433","2,450",,"-4,364","30,823","-1,329","3,679","4,274","-12,746","-15,809",2.24,0.91,,"49,408","10,129",,346,"59,883","15,379","18,716","56,546","125,165","120,637",1.05,1.03
PACE,26Apr2021,Mountain,N,"128,057","131,335","130,675",-660,"61,335","34,771",,,"3,078","4,589","24,383","2,519",,"-1,723","26,852","-1,711","3,870","2,656","-13,159","-17,428",2.25,0.91,,"62,477","14,284",,230,"76,991","15,901","19,094","73,798","130,675","131,318",1.30,1.24
PACE,27Apr2021,Mountain,N,"128,039","129,514","116,552","-12,962","63,672","31,467",,,"3,052","6,710","9,061","2,590",,"-1,988","21,431","-2,222","4,399","1,535","-14,502","-21,615",2.25,0.90,,"64,842","12,896",,143,"77,881","19,392","17,636","79,636","116,552","129,514",1.47,1.36
PACE,28Apr2021,Mountain,N,"125,933","126,992","129,880","2,888","63,031","33,887",,,"3,246","15,912","11,254","2,550",,"2,033","26,680",-632,"8,908",327,"-21,758","-12,670",2.24,0.90,,"64,138","13,854",,220,"78,212","17,704","23,105","72,811","129,880","126,992",1.33,1.26
PACE,29Apr2021,Mountain,N,"124,247","123,399","131,674","8,275","62,006","35,872",,,"3,242","16,423","11,589","2,542",,-314,"31,406","1,957","8,349",-255,"-21,274","-11,594",2.24,0.91,,"63,139","14,726",,225,"78,090","17,457","24,946","70,600","131,674","123,399",1.31,1.26
PACE,30Apr2021,Mountain,N,"125,978","123,041","137,232","14,191","58,033","31,412",,,"2,803","15,979","26,534","2,471",,"2,000","24,595","5,038","9,311","-1,660","-21,302","-3,791",2.24,0.90,,"58,998","12,840",,318,"72,156","10,761","20,703","62,215","137,232","123,041",1.16,1.11
PACE,01May2021,Mountain,N,"119,754","122,495","121,523",-972,"51,319","28,241",,,"3,474","12,455","23,628","2,406",,"1,051","16,448","2,221","7,812","-2,808","-18,983","-6,713",2.24,0.91,,"52,057","11,597",,280,"63,934","12,900","15,416","61,418","121,523","122,495",1.16,1.11
PACE,02May2021,Mountain,N,"109,410","115,575","118,857","3,282","41,041","25,760",,,"3,073","12,207","34,233","2,543",,"-1,186","19,188",644,"6,879",-734,"-12,928","-8,581",2.24,0.91,,"41,672","10,603",,347,"52,621","10,594","13,293","49,923","118,857","115,575",0.98,0.95
PACE,03May2021,Mountain,N,"120,666","123,886","119,896","-3,990","59,559","25,928",,,"3,067","12,748","15,904","2,690",,-7,"23,388",559,"7,952","-1,791","-20,754","-13,337",2.24,0.91,,"60,617","10,667",,229,"71,514","17,096","19,463","69,147","119,896","123,886",1.31,1.23
PACE,04May2021,Mountain,N,"125,587","130,321","135,521","5,200","68,484","29,242",,,"3,351","16,163","16,458","1,823",,"-1,509","23,358","2,944","11,546","-1,214","-21,784","-8,141",2.24,0.91,,"69,530","12,017",,252,"81,798","15,394","22,167","75,026","135,521","130,321",1.33,1.27
PACE,05May2021,Mountain,N,"127,363","132,407","143,697","11,290","73,197","33,279",,,"3,484","16,692","14,485","2,560",,792,"28,560","1,668","10,459",-18,"-20,827","-9,344",2.23,0.91,,"74,205","13,662",,248,"88,116","15,589","25,788","77,917","143,697","132,407",1.35,1.30
PACE,06May2021,Mountain,N,"133,525","134,381","134,527",146,"74,863","25,837",,,"3,777","16,299","11,260","2,491",,"3,319","17,535","4,464","9,837","-1,665","-23,446","-9,898",2.23,0.90,,"75,793","10,595",,225,"86,614","16,348","21,658","81,303","134,527","134,381",1.42,1.33
PACE,07May2021,Mountain,N,"132,755","134,003","132,308","-1,695","56,465","24,246",,,"4,680","16,115","28,257","2,545",,860,"16,374","3,338","7,104",-741,"-17,514","-11,116",2.24,0.91,,"57,255","9,983",,344,"67,582","13,512","15,598","65,496","132,308","134,003",1.13,1.08
PACE,08May2021,Mountain,N,"117,517","117,748","130,217","12,469","42,881","21,289",,,"5,544","16,189","41,593","2,721",,"2,180","18,117","4,718","8,229","-1,086","-9,564","-10,125",2.24,0.91,,"43,567","8,774",,440,"52,782","9,219","14,411","47,589","130,217","117,748",0.89,0.89
PACE,09May2021,Mountain,N,"113,267","114,565","109,498","-5,067","54,479","21,797",,,"5,672","14,359","10,456","2,735",,"1,836","18,775",844,"5,857",-984,"-19,501","-11,894",2.24,0.91,,"55,285","8,958",,221,"64,464","16,155","17,541","63,078","109,498","114,565",1.30,1.21
PACE,10May2021,Mountain,N,"121,112","129,151","147,410","18,259","70,203","28,189",,,"6,007","14,820","25,541","2,650",,"3,758","33,037",-893,"9,043",460,"-18,054","-9,093",2.24,0.90,,"71,223","11,551",,327,"83,101","13,697","26,132","70,666","147,410","129,152",1.24,1.21
PACE,11May2021,Mountain,N,"127,976","125,684","139,421","13,737","58,139","30,301",,,"5,588","16,541","26,210","2,642",,"3,199","30,244","-3,371","8,414",-636,"-16,041","-8,072",2.24,0.90,,"58,995","12,421",,340,"71,755","12,886","21,652","62,989","139,421","125,684",1.13,1.10
PACE,12May2021,Mountain,N,"132,231","127,714","132,720","5,006","61,703","30,706",,,"5,447","17,152","15,094","2,618",,"3,383","34,365","-3,879","8,667",-684,"-23,978","-12,859",2.24,0.90,,"62,601","12,595",,269,"75,464","20,412","25,633","70,243","132,720","127,705",1.25,1.21
PACE,13May2021,Mountain,N,"136,046","132,795","141,392","8,597","60,411","36,552",,,"5,630","15,088","21,176","2,535",,"3,963","28,541",-320,"8,466","-1,509","-20,964","-9,575",2.24,0.91,,"61,292","15,008",,296,"76,595","15,445","22,272","69,769","141,392","132,790",1.19,1.16
PACE,14May2021,Mountain,N,"137,645","134,390","133,963",-427,"61,981","37,068",,,"5,325","15,543","11,502","2,544",,"2,672","30,318","-4,980","8,660","-1,494","-24,283","-11,320",2.24,0.91,,"63,011","15,252",,233,"78,495","19,802","23,447","74,850","133,963","134,390",1.29,1.23
PACE,15May2021,Mountain,N,"130,201","130,645","129,557","-1,088","57,462","34,466",,,"5,534","15,162","14,324","2,609",,"2,870","30,416","-7,124","7,900","-1,088","-23,654","-10,408",2.24,0.90,,"58,333","14,139",,251,"72,722","19,855","22,772","69,806","129,557","130,645",1.24,1.18
PACE,16May2021,Mountain,N,"125,327","125,595","130,055","4,460","60,128","34,130",,,"6,021","15,010","12,120","2,646",,"3,487","29,383","-4,799","7,720",-285,"-24,822","-6,224",2.23,0.90,,"60,932","14,001",,238,"75,171","16,395","23,465","68,101","130,055","125,595",1.27,1.20
PACE,17May2021,Mountain,N,"134,727","131,339","128,962","-2,377","53,359","33,831",,,"5,707","12,155","21,825","2,085",,"2,621","18,784","-2,687","5,920","-1,662","-23,839","-1,514",2.23,0.90,,"54,015","13,875",,278,"68,168","11,191","14,833","64,525","128,962","131,339",1.17,1.08
PACE,18May2021,Mountain,N,"138,038","138,130","134,029","-4,101","63,431","30,621",,,"6,114","15,437","16,723","1,703",,"5,916","9,770","-1,028","9,510","-2,224","-25,060",-985,2.23,0.90,,"64,222","12,555",,266,"77,043","11,399","15,497","72,945","134,029","138,130",1.27,1.16
PACE,19May2021,Mountain,N,"140,460","143,065","145,885","2,820","79,994","26,212",,,"5,921","15,027","17,063","1,668",,"7,760","13,214","2,268","10,793",-614,"-26,340","-4,261",2.23,0.90,,"81,035","10,746",,264,"92,045","13,488","21,137","84,396","145,885","143,065",1.39,1.30
PACE,20May2021,Mountain,N,"137,494","137,440","138,704","1,264","68,228","25,615",,,"5,818","16,786","20,626","1,631",,"8,718","10,249","2,338","10,212",-992,"-25,663","-3,598",2.24,0.91,,"69,245","10,520",,299,"80,064","12,637","18,697","74,004","138,704","137,440",1.27,1.19
PACE,21May2021,Mountain,N,"131,831","128,362","132,100","3,738","64,993","22,782",,,"5,941","14,756","21,733","1,895",,"4,718","16,962","1,256","9,775",535,"-24,535","-4,973",2.24,0.91,,"66,091","9,369",,295,"75,755","12,638","19,802","68,592","132,100","128,362",1.26,1.18
PACE,22May2021,Mountain,N,"123,036","120,923","127,171","6,248","62,417","20,649",,,"5,874","11,859","24,188","2,184",,"4,977","15,528","-1,154","9,366",-40,"-17,483","-4,946",2.24,0.91,,"63,400","8,483",,294,"72,177","10,666","18,527","64,316","127,171","120,923",1.25,1.17
PACE,23May2021,Mountain,N,"121,979","118,439","137,281","18,842","55,207","20,151",,,"5,844","11,405","42,413","2,261",,"4,924","16,225",-767,"10,541",726,"-9,741","-3,066",2.24,0.91,,"56,127","8,290",,412,"64,830","5,690","17,374","53,146","137,281","118,439",1.04,0.99
PACE,24May2021,Mountain,N,"134,303","127,730","149,034","21,304","55,193","20,863",,,"5,925","16,903","47,944","2,206",,"4,007","18,115","3,984","11,455","-2,675","-13,900",318,2.24,0.91,,"56,168","8,565",,486,"65,219","5,698","17,308","53,610","149,034","127,730",0.96,0.93
PACE,25May2021,Mountain,N,"134,361","131,282","144,891","13,609","71,298","24,505",,,"5,986","15,717","25,268","2,117",,"5,766","22,729","1,308","11,706",-404,"-19,881","-7,615",2.24,0.90,,"72,488","10,042",,327,"82,857","12,372","24,156","71,073","144,891","131,282",1.26,1.19
PACE,26May2021,Mountain,N,"135,086","130,785","150,395","19,610","76,526","24,819",,,"5,895","13,605","27,408","2,142",,"6,368","26,078","3,656","12,095",401,"-20,204","-8,784",2.24,0.90,,"77,757","10,176",,327,"88,260","12,709","27,926","73,043","150,395","130,785",1.29,1.23
PACE,27May2021,Mountain,N,"136,669","133,373","133,448",75,"68,562","24,301",,,"5,822","17,009","15,600","2,154",,"2,977","24,854","3,604","4,583","-1,744","-24,900","-9,299",2.24,0.91,,"69,630","9,986",,270,"79,887","16,717","22,116","74,488","133,448","133,373",1.32,1.23
PACE,28May2021,Mountain,N,"134,388","137,068","144,545","7,477","69,835","24,793",,,"5,812","16,277","25,730","2,098",,"5,504","19,064","5,246","8,403","-1,244","-21,880","-7,616",2.24,0.90,,"70,850","10,178",,333,"81,360","13,931","21,637","73,654","144,545","137,068",1.24,1.18
PACE,29May2021,Mountain,N,"127,537","128,001","130,004","2,003","63,386","27,717",,,"5,777","12,669","18,318","2,137",,"4,035","21,697","2,215","3,756",-172,"-17,563","-11,965",2.23,0.91,,"64,163","11,395",,259,"75,817","15,166","19,918","71,065","130,004","128,001",1.29,1.22
PACE,30May2021,Mountain,N,"125,233","127,817","139,020","11,203","65,159","27,644",,,"5,760","15,591","22,727","2,139",,"4,027","27,007","3,273","6,324",-237,"-18,312","-10,879",2.23,0.91,,"65,836","11,385",,308,"77,529","15,579","24,015","69,094","139,020","127,817",1.23,1.19
PACE,31May2021,Mountain,N,"133,453","133,863","148,772","14,909","82,254","29,636",,,"5,739","17,050","11,973","2,120",,"6,035","35,264","3,473","9,165",-147,"-26,423","-12,458",2.23,0.90,,"83,114","12,164",,246,"95,523","22,175","34,759","82,939","148,772","133,863",1.42,1.37
PACE,01Jun2021,Mountain,N,"146,952","143,437","145,012","1,575","78,952","32,918",,,"5,669","16,372","9,061","2,040",,"4,393","34,354",315,"7,913",-706,"-26,550","-18,144",2.23,0.90,,"79,859","13,463",,221,"93,543","26,015","31,206","88,352","145,012","143,437",1.42,1.36
PACE,02Jun2021,Mountain,N,"149,466","151,344","152,020",676,"85,858","38,084",,,"5,651","16,938","3,471","2,018",,"4,052","33,897","-1,543","10,748","-1,773","-27,944","-16,761",2.23,0.90,,"86,868","15,559",,187,"102,614","25,012","32,096","95,530","152,020","151,344",1.49,1.39
PACE,03Jun2021,Mountain,N,"161,229","159,733","150,387","-9,346","85,502","35,381",,,"5,272","16,987","5,747","1,498",,"3,312","25,111",-856,"8,557","-3,223","-28,012","-14,221",2.23,0.90,,"86,642","14,461",,197,"101,299","21,197","24,463","98,033","150,387","159,719",1.49,1.35
PACE,04Jun2021,Mountain,N,"165,936","168,445","152,832","-15,613","84,393","33,161",,,"5,886","14,643","12,804","1,945",,"3,860","14,816","-1,187","7,233","-4,200","-27,737","-8,398",2.24,0.90,,"85,614","13,587",,235,"99,436","16,154","16,593","98,997","152,832","168,445",1.43,1.30
PACE,05Jun2021,Mountain,N,"163,562","161,825","134,781","-27,044","62,549","23,178",,,"5,108","14,974","27,002","1,970",,"-1,532","3,377","3,536","1,857","-3,966","-21,896","-8,420",2.24,0.91,,"63,508","9,523",,327,"73,358","12,580","5,897","80,042","134,781","161,825",1.20,1.09
PACE,06Jun2021,Mountain,N,"162,204","152,965","134,148","-18,817","51,522","23,297",,,"6,141","16,696","34,526","1,966",,"-2,646","9,290",997,"1,859","-3,954","-12,492","-11,871",2.24,0.91,,"52,379","9,570",,395,"62,344","12,622","6,612","68,355","134,148","152,965",1.02,0.99
PACE,07Jun2021,Mountain,N,"168,065","164,506","159,466","-5,040","78,221","30,337",,,"6,187","13,049","29,707","1,965",,559,"14,355","2,782","4,096","-3,218","-16,448","-7,166",2.24,0.90,,"79,485","12,414",,339,"92,238","10,610","12,979","89,869","159,466","164,506",1.28,1.20
PACE,08Jun2021,Mountain,N,"160,970","161,262","146,141","-15,121","63,176","29,926",,,"6,270","17,425","27,296","2,048",,40,"13,304",721,"1,912","-2,015","-18,073","-11,010",2.24,0.90,,"64,233","12,225",,353,"76,812","13,098","11,333","78,577","146,141","161,262",1.16,1.07
PACE,09Jun2021,Mountain,N,"158,400","158,607","152,281","-6,326","75,840","34,624",,,"5,294","15,151","19,320","2,052",,"3,903","16,184",952,"4,541","-1,447","-27,260","-3,199",2.24,0.90,,"77,020","14,124",,279,"91,422","13,136","16,482","88,076","152,281","158,607",1.32,1.22
PACE,10Jun2021,Mountain,N,"143,618","145,949","155,804","9,855","57,628","27,028",,,"6,345","15,909","46,786","2,108",,"2,876","15,304","2,567","4,345","-2,139","-10,537","-2,561",2.24,0.90,,"58,499","11,048",,474,"70,020","5,825","12,492","63,353","155,804","145,949",0.99,0.96
PACE,11Jun2021,Mountain,N,"149,897","140,738","151,920","11,182","77,177","24,248",,,"5,830","17,002","25,505","2,158",,"4,555","25,492","4,893","7,621","-1,470","-20,192","-9,717",2.24,0.90,,"78,412","9,921",,336,"88,670","14,501","24,128","79,042","151,920","140,738",1.29,1.24
PACE,12Jun2021,Mountain,N,"160,622","142,173","144,534","2,361","76,549","35,275",,,"5,867","15,315","9,381","2,147",,"4,554","26,098","4,526","7,215","-1,866","-27,566","-10,600",2.24,0.90,,"77,646","14,413",,218,"92,277","19,343","25,913","85,707","144,534","142,173",1.41,1.33
PACE,13Jun2021,Mountain,N,"172,483","152,074","145,113","-6,961","71,546","36,903",,,"5,869","17,261","11,307","2,227",,"3,400","19,136","3,365","5,343",-461,"-23,635","-14,109",2.24,0.90,,"72,570","15,066",,244,"87,880","18,955","19,094","87,741","145,113","152,074",1.34,1.27
PACE,14Jun2021,Mountain,N,"185,498","171,771","164,021","-7,750","79,135","39,185",,,"6,409","16,155","20,966","2,171",,"1,961","18,480","1,444","7,467","-2,488","-19,291","-15,323",2.24,0.90,,"80,258","15,987",,304,"96,549","18,096","18,276","96,369","164,021","171,771",1.30,1.24
PACE,15Jun2021,Mountain,N,"186,306","175,684","157,963","-17,721","83,157","36,911",,,"5,836","13,407","16,516","2,136",,"2,087","11,094",399,"7,252","-5,007","-20,420","-13,126",2.24,0.90,,"84,342","15,054",,252,"99,649","17,978","14,200","103,427","157,963","175,684",1.39,1.30
PACE,16Jun2021,Mountain,N,"185,008","168,659","159,127","-9,532","84,631","38,460",,,"5,859","13,751","14,265","2,161",,"2,386","18,071",969,"8,644","-3,794","-25,099","-10,709",2.24,0.90,,"85,912","15,706",,240,"101,858","19,688","19,360","102,186","159,127","168,659",1.41,1.34
PACE,17Jun2021,Mountain,N,"179,717","166,651","170,905","4,254","84,284","41,028",,,"6,262","11,534","25,600","2,197",,"1,830","25,462","1,418","8,795","-2,887","-18,087","-12,277",2.24,0.90,,"85,571","16,751",,304,"102,625","17,081","23,124","96,581","170,905","166,651",1.32,1.28
PACE,18Jun2021,Mountain,N,"177,627","165,525","159,748","-5,777","85,897","40,708",,,"6,281","11,829","12,828","2,205",,"3,774","24,217","-4,689","9,324","-2,955","-24,726","-10,722",2.24,0.90,,"87,238","16,629",,221,"104,088","20,560","24,013","100,635","159,748","165,525",1.44,1.34
PACE,19Jun2021,Mountain,N,"165,726","165,251","175,357","10,106","81,638","39,353",,,"6,373","11,554","34,240","2,199",,"6,244","21,418","-1,832","10,670","-2,839","-16,033","-7,522",2.24,0.90,,"82,916","16,109",,362,"99,387","13,226","22,670","89,943","175,357","165,251",1.25,1.20
PACE,20Jun2021,Mountain,N,"155,574","159,409","172,870","13,461","87,067","38,152",,,"6,407","14,818","24,187","2,239",,"6,184","27,644","3,507","11,359","-1,346","-21,782","-12,105",2.24,0.91,,"88,503","15,664",,317,"104,484","16,461","28,686","92,259","172,870","159,409",1.33,1.28
PACE,21Jun2021,Mountain,N,"168,238","164,655","162,197","-2,458","90,290","39,946",,,"5,928","16,911","6,883","2,239",,"3,137","33,106","-3,801","9,673",237,"-26,661","-18,149",2.24,0.91,,"91,773","16,406",,213,"108,392","24,716","30,454","102,653","162,197","164,655",1.47,1.37
PACE,22Jun2021,Mountain,N,"175,730","172,527","170,592","-1,935","89,737","40,254",,,"5,986","15,900","16,502","2,213",,"3,181","24,504","3,467","8,005","-2,121","-24,447","-14,506",2.24,0.90,,"91,094","16,523",,270,"107,887","18,672","24,335","102,224","170,592","172,509",1.39,1.31
PACE,23Jun2021,Mountain,N,"172,847","165,914","168,259","2,345","87,901","38,900",,,"5,974","10,887","22,784","1,813",,"3,939","21,251","3,763","8,078","-2,313","-22,268","-10,105",2.24,0.90,,"89,192","15,940",,276,"105,409","15,332","22,825","97,916","168,259","165,914",1.38,1.30
PACE,24Jun2021,Mountain,N,"167,958","153,971","147,082","-6,889","76,196","39,528",,,"6,427","10,289","12,526","2,116",,"3,809","21,340","5,149","6,586","-2,521","-27,721","-13,531",2.23,0.90,,"77,237","16,160",,209,"93,606","19,457","21,851","91,212","147,082","153,971",1.40,1.31
PACE,25Jun2021,Mountain,N,"158,524","148,408","149,553","1,145","76,242","39,860",,,"6,392","12,468","12,252","2,339",,"3,041","29,514","3,809","6,490",-76,"-25,810","-15,823",2.23,0.90,,"77,269","16,286",,223,"93,778","20,053","25,924","87,907","149,553","148,408",1.38,1.31
PACE,26Jun2021,Mountain,N,"153,893","150,905","152,332","1,427","73,442","39,171",,,"6,398","14,384","16,607","2,330",,"3,669","32,546","3,343","8,521",-298,"-27,310","-19,044",2.24,0.90,,"74,497","16,050",,265,"90,812","22,996","27,915","85,892","152,332","150,905",1.31,1.25
PACE,27Jun2021,Mountain,N,"153,582","152,652","161,418","8,766","79,127","39,144",,,"6,416","14,980","19,420","2,331",,"5,184","34,297","4,995","9,208",825,"-28,768","-16,975",2.24,0.90,,"80,260","16,028",,287,"96,576","22,571","31,619","87,528","161,418","152,652",1.32,1.26
PACE,28Jun2021,Mountain,N,"167,830","163,134","155,642","-7,492","81,633","42,338",,,"5,928","15,833","7,639","2,271",,"4,559","33,837","-4,110","8,181",-476,"-29,382","-20,101",2.24,0.90,,"82,911","17,311",,211,"100,433","27,641","29,212","98,861","155,642","163,134",1.42,1.34
PACE,29Jun2021,Mountain,N,"171,697","159,933","159,491",-442,"84,027","40,689",,,"6,299","11,199","14,969","2,308",,"4,711","32,917","-1,501","8,913","-1,957","-26,662","-16,863",2.24,0.90,,"85,385","16,620",,232,"102,236","24,580","29,623","97,193","159,491","159,933",1.41,1.34
PACE,30Jun2021,Mountain,N,"172,349","159,444","156,017","-3,427","83,177","40,482",,,"6,275","11,813","11,945","2,325",,"5,103","21,251","1,097","8,796","-2,435","-25,779","-11,460",2.24,0.90,,"84,529","16,515",,216,"101,260","17,532","23,036","95,756","156,017","159,444",1.43,1.32
PACE,01Jul2021,Mountain,N,"170,843","160,586","157,013","-3,573","83,220","38,731",,,"5,844","10,836","16,060","2,322",,"5,386","15,402","5,622","6,928","-1,034","-25,070","-10,813",2.24,0.90,,"84,509","15,837",,234,"100,579","15,396","20,350","95,625","157,013","160,592",1.41,1.31
PACE,02Jul2021,Mountain,N,"174,899","166,737","155,234","-11,503","85,413","39,263",,,"5,879","14,487","7,964","2,228",,"6,941","18,232","4,523","7,079","-2,989","-28,942","-16,347",2.23,0.90,,"86,580","16,075",,204,"102,858","22,146","22,713","102,291","155,234","166,737",1.46,1.35
PACE,03Jul2021,Mountain,N,"170,672","164,371","157,526","-6,845","87,155","37,916",,,"5,999","13,916","10,297","2,243",,"8,006","16,275","4,674","7,759","-2,552","-28,823","-12,184",2.23,0.90,,"88,238","15,540",,216,"103,993","19,624","22,727","100,890","157,526","164,371",1.46,1.35
PACE,04Jul2021,Mountain,N,"170,416","166,299","136,542","-29,757","70,291","36,336",,,"6,043","12,172","9,484","2,216",,"5,592","10,543",-849,"4,686","-4,227","-28,992","-16,510",2.23,0.90,,"71,245","14,892",,199,"86,336","24,803","14,060","97,079","136,542","166,299",1.39,1.29
PACE,05Jul2021,Mountain,N,"173,471","165,905","157,047","-8,858","82,637","37,449",,,"6,049","14,533","14,130","2,249",,"6,391","16,395","3,189","5,954","-2,996","-26,675","-11,116",2.24,0.90,,"83,852","15,316",,246,"99,414","18,649","19,485","98,578","157,047","165,905",1.40,1.31
PACE,06Jul2021,Mountain,N,"182,503","174,465","155,618","-18,847","85,581","37,835",,,"5,973","16,138","7,880","2,211",,"4,632","20,462",590,"4,024","-1,707","-29,787","-17,061",2.24,0.90,,"86,897","15,462",,215,"102,574","24,769","19,784","107,560","155,618","174,465",1.45,1.36
PACE,07Jul2021,Mountain,N,"183,524","179,063","161,898","-17,165","84,164","41,052",,,"6,347","12,993","15,179","2,163",,"5,968","15,336",981,"5,592","-2,371","-28,175","-14,496",2.24,0.90,,"85,441","16,782",,244,"102,467","21,858","17,494","106,832","161,898","179,063",1.40,1.32
PACE,08Jul2021,Mountain,N,"187,947","180,303","168,077","-12,226","83,342","40,545",,,"6,312","14,076","21,712","2,090",,"4,892","16,039",-854,"6,693","-3,070","-24,305","-11,621",2.24,0.90,,"84,637","16,590",,294,"101,521","19,828","17,521","103,828","168,077","180,303",1.33,1.27
PACE,09Jul2021,Mountain,N,"185,594","173,798","170,078","-3,720","81,868","40,164",,,"5,870","14,903","25,127","2,146",,"4,281","20,823","1,854","7,342",-274,"-23,412","-14,334",2.24,0.91,,"83,156","16,490",,320,"99,966","19,844","20,654","99,155","170,078","173,798",1.30,1.26
PACE,10Jul2021,Mountain,N,"174,080","162,348","150,368","-11,980","84,657","37,958",,,"5,857","14,236","5,457","2,203",,"5,427","21,666","2,403","8,187","-1,436","-29,699","-18,528",2.24,0.91,,"85,870","15,586",,185,"101,641","25,592","24,357","102,876","150,368","162,348",1.49,1.40
PACE,11Jul2021,Mountain,N,"173,029","164,909","149,070","-15,839","82,435","37,061",,,"5,814","11,361","10,193","2,206",,"4,935","17,045","3,507","7,276","-1,620","-29,089","-17,882",2.24,0.91,,"83,612","15,227",,197,"99,037","25,412","20,752","103,697","149,070","164,898",1.46,1.39
PACE,12Jul2021,Mountain,N,"187,052","172,218","152,383","-19,835","85,262","38,218",,,"5,768","8,478","12,499","2,158",,"5,111","17,237","-3,181","5,446","-2,468","-25,008","-16,972",2.24,0.90,,"86,557","15,644",,193,"102,394","24,947","19,317","108,023","152,383","172,218",1.48,1.38
PACE,13Jul2021,Mountain,N,"184,799","174,093","153,623","-20,470","72,914","37,597",,,"5,715","11,212","23,770","2,415",,"3,419","13,797",-787,"5,421","-2,071","-24,112","-16,137",2.24,0.90,,"74,116","15,389",,287,"89,792","21,464","13,850","97,406","153,623","174,093",1.29,1.23
PACE,14Jul2021,Mountain,N,"179,197","170,160","156,106","-14,054","83,785","40,139",,,"5,677","13,202","10,874","2,429",,317,"23,685","3,480","6,035",-672,"-27,674","-19,225",2.24,0.90,,"85,284","16,462",,214,"101,961","23,706","21,135","104,532","156,106","170,160",1.44,1.35
PACE,15Jul2021,Mountain,N,"177,825","170,099","154,176","-15,923","82,178","37,787",,,"5,628","13,889","12,361","2,333",,"-1,547","20,734","4,048","8,150","-1,568","-29,680","-16,060",2.24,0.90,,"83,544","15,477",,228,"99,249","23,828","20,387","102,689","154,176","170,099",1.42,1.33
PACE,16Jul2021,Mountain,N,"175,773","172,353","152,861","-19,492","78,466","37,660",,,"5,601","13,904","14,892","2,338",,"-1,565","14,420",839,"8,543","-2,784","-23,383","-15,562",2.24,0.90,,"79,686","15,420",,245,"95,351","21,486","15,544","101,293","152,861","172,353",1.38,1.30
PACE,17Jul2021,Mountain,N,"170,590","168,372","147,264","-21,108","75,981","38,229",,,"5,574","14,629","10,571","2,280",,"-1,386","16,878",505,"7,357","-2,201","-22,017","-19,885",2.24,0.90,,"77,079","15,658",,220,"92,958","24,843","16,408","101,393","147,264","168,013",1.39,1.33
PACE,18Jul2021,Mountain,N,"171,199","169,652","145,436","-24,216","75,599","40,654",,,"5,959","10,308","10,637","2,279",,"-1,465","17,980","-2,732","7,051","-1,578","-22,061","-21,411",2.23,0.90,,"76,568","16,627",,194,"93,389","27,792","16,947","104,235","145,436","169,652",1.42,1.35
PACE,19Jul2021,Mountain,N,"184,660","170,274","145,720","-24,554","72,371","40,767",,,"5,924","7,166","17,172","2,320",,"-1,364","25,438","-6,091","5,702","-1,303","-27,199","-19,737",2.23,0.90,,"73,313","16,671",,217,"90,201","29,183","18,968","100,415","145,720","170,274",1.36,1.30
PACE,20Jul2021,Mountain,N,"179,611","167,273","147,753","-19,520","70,890","39,415",,,"5,905","10,346","18,895","2,302",,"-1,565","15,994","4,174","6,898","-2,543","-26,608","-15,870",2.24,0.90,,"71,878","16,119",,249,"88,247","22,557","15,585","95,219","147,753","167,273",1.32,1.25
PACE,21Jul2021,Mountain,N,"181,633","168,663","137,894","-30,769","72,898","34,878",,,"5,454","10,805","11,551","2,308",,"-1,572","10,317","4,027","5,806","-2,715","-28,423","-18,199",2.24,0.90,,"73,993","14,285",,201,"88,478","25,514","12,724","101,268","137,894","168,653",1.41,1.32
PACE,22Jul2021,Mountain,N,"181,914","169,662","147,333","-22,329","77,795","36,646",,,"5,413","8,282","16,899","2,298",,"-1,501","17,561",-356,"7,331","-1,796","-26,734","-16,834",2.24,0.90,,"78,985","15,036",,219,"94,240","25,028","16,682","102,586","147,333","169,662",1.41,1.33
PACE,23Jul2021,Mountain,N,"179,047","163,789","153,692","-10,097","82,948","40,029",,,"5,396","11,322","11,681","2,316",,"-1,455","22,921","3,897","9,957",293,"-27,550","-18,160",2.24,0.90,,"84,177","16,404",,205,"100,786","24,597","23,650","101,733","153,692","163,789",1.45,1.37
PACE,24Jul2021,Mountain,N,"166,093","151,831","151,982",151,"78,394","38,834",,,"5,370","12,973","14,117","2,294",,-134,"22,996","3,416","9,929",-655,"-25,611","-9,790",2.23,0.90,,"79,467","15,870",,231,"95,568","18,382","22,899","91,051","151,982","151,831",1.39,1.32
PACE,25Jul2021,Mountain,N,"162,610","150,880","146,656","-4,224","78,672","38,706",,,"5,308","12,557","9,123","2,290",,"1,572","25,434","1,277","7,478",-915,"-28,058","-11,012",2.24,0.90,,"79,810","15,820",,195,"95,825","20,534","23,508","92,851","146,656","150,880",1.44,1.36
PACE,26Jul2021,Mountain,N,"174,903","163,309","143,852","-19,457","78,116","41,221",,,"5,674","8,246","8,290","2,305",,-197,"22,902","-1,258","4,538",-385,"-29,212","-15,845",2.24,0.90,,"79,358","16,847",,163,"96,368","25,395","20,032","101,731","143,852","163,309",1.48,1.37
PACE,27Jul2021,Mountain,N,"176,833","165,092","153,869","-11,223","77,596","41,009",,,"5,593","13,195","14,174","2,302",,-611,"22,390","-3,709","4,078",235,"-25,706","-7,900",2.24,0.90,,"78,865","16,729",,235,"95,829","17,051","17,239","95,641","153,869","165,092",1.37,1.28
PACE,28Jul2021,Mountain,N,"176,041","162,484","153,266","-9,218","75,719","41,252",,,"5,175","11,226","17,753","2,141",,"-1,024","25,969","-7,219","3,713","1,565","-24,345","-7,877",2.24,0.90,,"76,985","16,844",,242,"94,072","18,348","19,228","93,191","153,266","162,484",1.35,1.26
PACE,29Jul2021,Mountain,N,"175,441","157,217","150,725","-6,492","71,945","41,289",,,"5,167","10,072","19,931","2,321",,-701,"34,733","-4,872","4,474","2,746","-25,609","-17,263",2.24,0.90,,"73,104","16,850",,250,"90,203","23,785","24,952","89,036","150,725","157,217",1.32,1.25
PACE,30Jul2021,Mountain,N,"171,890","152,234","146,862","-5,372","77,115","39,817",,,"5,133","9,694","12,744","2,359",,"1,102","35,852","-8,077","7,242","1,974","-26,846","-16,619",2.24,0.90,,"78,314","16,292",,199,"94,805","25,539","28,340","92,005","146,862","152,234",1.42,1.33
PACE,31Jul2021,Mountain,N,"160,392","150,887","151,184",297,"78,165","39,822",,,"5,078","10,457","15,260","2,402",,-87,"31,503","-1,908","7,298","1,621","-24,785","-13,345",2.24,0.90,,"79,347","16,312",,221,"95,880","20,003","25,569","90,314","151,184","150,887",1.40,1.32
PACE,01Aug2021,Mountain,N,"158,221","147,352","154,684","7,332","82,913","37,411",,,"5,010","10,519","16,425","2,406",,426,"30,762","4,493","8,401","1,497","-25,475","-12,772",2.24,0.90,,"84,073","15,328",,229,"99,630","19,007","28,348","90,290","154,684","147,352",1.42,1.35
PACE,02Aug2021,Mountain,N,"166,926","145,459","146,380",921,"77,706","38,105",,,"4,971","13,622","9,615","2,361",,"1,636","31,844","3,573","8,901",-904,"-28,671","-15,458",2.24,0.90,,"78,795","15,579",,204,"94,578","23,352","28,758","89,172","146,380","145,459",1.42,1.35
PACE,03Aug2021,Mountain,N,"166,138","151,605","156,760","5,155","79,608","37,497",,,"5,445","14,111","17,851","2,248",,"2,431","31,187","4,126","9,211",-654,"-24,229","-16,917",2.23,0.90,,"80,705","15,331",,264,"96,299","21,739","28,239","89,800","156,760","151,605",1.35,1.31
PACE,04Aug2021,Mountain,N,"169,046","149,736","159,663","9,927","84,429","41,019",,,"5,414","14,216","12,318","2,267",,"4,605","35,420","1,159","11,735",-416,"-26,050","-16,526",2.24,0.90,,"85,610","16,780",,228,"102,618","23,617","34,725","91,510","159,663","149,736",1.42,1.35
PACE,05Aug2021,Mountain,N,"174,461","157,809","156,840",-969,"81,612","39,862",,,"5,365","14,731","13,032","2,238",,"3,527","28,171","2,572","9,558",-756,"-29,051","-14,990",2.23,0.90,,"82,719","16,315",,236,"99,270","24,139","28,575","94,833","156,840","157,809",1.40,1.32
PACE,06Aug2021,Mountain,N,"162,859","153,429","159,463","6,034","80,509","38,122",,,"4,664","14,430","19,441","2,297",,"5,380","23,903","7,264","11,836","-1,486","-28,661","-12,202",2.24,0.90,,"81,753","15,627",,272,"97,652","20,191","28,292","89,551","159,463","153,429",1.35,1.29
PACE,07Aug2021,Mountain,N,"151,659","138,350","155,909","17,559","76,583","36,929",,,"4,488","12,430","23,091","2,388",,"3,650","34,066","7,108","12,041",-681,"-26,521","-12,104",2.24,0.91,,"77,782","15,163",,282,"93,227","19,185","32,833","79,578","155,909","138,350",1.32,1.27
PACE,08Aug2021,Mountain,N,"157,872","143,959","160,541","16,582","73,545","35,359",,,"4,431","14,654","30,231","2,321",,"4,116","31,523","5,108","10,975",252,"-27,752","-7,640",2.24,0.90,,"74,703","14,473",,344,"89,521","17,299","28,835","77,984","160,541","143,959",1.23,1.19
PACE,09Aug2021,Mountain,N,"161,770","148,403","155,942","7,539","70,693","39,408",,,"4,372","14,185","25,015","2,269",,-372,"35,713","5,230","7,977","-1,398","-24,273","-15,338",2.24,0.90,,"71,902","16,129",,305,"88,336","22,320","28,196","82,459","155,942","148,403",1.25,1.22
PACE,10Aug2021,Mountain,N,"158,627","149,021","158,505","9,484","69,168","39,388",,,"4,360","13,854","29,436","2,299",,"-1,771","36,976","4,704","8,255","-2,117","-20,310","-16,253",2.24,0.90,,"70,399","16,132",,333,"86,864","22,022","28,022","80,864","158,505","149,021",1.21,1.20
PACE,11Aug2021,Mountain,N,"160,975","155,100","154,372",-728,"75,805","38,997",,,"4,511","13,603","19,157","2,299",,-993,"35,869","1,982","7,365","-2,264","-24,618","-18,069",2.24,0.90,,"77,171","15,975",,264,"93,409","25,518","27,870","91,057","154,372","155,100",1.33,1.29
PACE,12Aug2021,Mountain,N,"165,410","158,700","158,369",-331,"81,796","41,036",,,"4,623","13,918","14,755","2,241",,-190,"32,542","2,787","7,326",-905,"-24,648","-17,243",2.24,0.90,,"83,264","16,794",,237,"100,295","22,728","27,491","95,532","158,369","158,700",1.40,1.33
PACE,13Aug2021,Mountain,N,"164,907","164,206","155,845","-8,361","85,425","39,466",,,"4,583","11,717","12,411","2,243",,-692,"33,504","-5,724","7,110",-610,"-26,130","-15,819",2.24,0.90,,"86,859","16,136",,206,"103,201","24,976","26,277","101,900","155,845","164,206",1.46,1.37
PACE,14Aug2021,Mountain,N,"163,713","164,009","153,095","-10,914","86,084","38,483",,,"4,598","13,210","8,481","2,239",,"-2,058","32,895",-456,"6,848",-766,"-26,463","-20,914",2.24,0.90,,"87,382","15,768",,190,"103,340","27,437","27,123","103,654","153,095","164,009",1.49,1.39
PACE,15Aug2021,Mountain,N,"162,222","155,142","163,175","8,033","89,058","38,092",,,"4,532","12,919","16,310","2,264",,"-1,735","36,036","1,990","11,083",-418,"-24,894","-14,029",2.24,0.90,,"90,318","15,604",,240,"106,162","21,236","31,049","96,349","163,175","155,142",1.43,1.37
PACE,16Aug2021,Mountain,N,"170,828","163,022","160,508","-2,514","90,383","40,454",,,"4,452","13,700","9,242","2,277",,"-1,156","29,439","3,383","11,011","-1,886","-29,399","-13,906",2.24,0.90,,"91,722","16,582",,198,"108,502","23,765","29,451","102,816","160,508","163,022",1.49,1.39
PACE,17Aug2021,Mountain,N,"169,968","160,338","164,754","4,416","87,087","38,265",,,"4,446","11,619","21,114","2,223",,"3,081","19,213","7,182","11,285","-3,443","-24,697","-8,205",2.24,0.90,,"88,370","15,699",,262,"104,331","16,359","24,883","95,807","164,754","160,338",1.40,1.32
PACE,18Aug2021,Mountain,N,"146,673","141,884","156,675","14,791","84,005","35,674",,,"4,850","8,638","21,096","2,412",,"2,027","34,457","6,121","9,744",-121,"-27,297","-10,140",2.24,0.90,,"85,231","14,619",,246,"100,097","18,953","32,418","86,632","156,675","141,884",1.41,1.35
PACE,19Aug2021,Mountain,N,"137,075","133,632","146,270","12,638","87,055","29,413",,,"4,892","7,072","15,358","2,480",,"2,292","31,875","7,948","10,457",-420,"-27,775","-11,739",2.24,0.90,,"88,355","12,042",,199,"100,596","20,339","34,581","86,355","146,270","133,632",1.52,1.42
PACE,20Aug2021,Mountain,N,"137,435","133,916","164,448","30,532","84,179","21,954",,,"4,345","13,473","38,056","2,441",,"1,598","31,502","10,047","10,709",8,"-12,066","-11,266",2.24,0.90,,"85,561","8,998",,388,"94,948","11,354","30,538","75,764","164,448","133,916",1.27,1.25
PACE,21Aug2021,Mountain,N,"138,115","133,569","148,788","15,219","83,644","21,782",,,"4,247","12,992","23,672","2,451",,"2,525","30,298","9,450","9,844",391,"-26,895","-10,394",2.24,0.90,,"84,940","8,925",,289,"94,154","18,516","32,196","80,474","148,788","133,569",1.40,1.33
PACE,22Aug2021,Mountain,N,"140,458","133,552","157,101","23,549","70,934","22,279",,,"3,958","14,778","42,757","2,395",,"1,613","27,668","8,294","8,836","-1,506","-12,158","-9,198",2.24,0.91,,"72,152","9,155",,426,"81,732","10,985","24,221","68,497","157,101","133,552",1.15,1.13
PACE,23Aug2021,Mountain,N,"153,237","149,371","155,426","6,055","81,378","22,521",,,"3,531","15,201","30,465","2,330",,"1,053","27,743","6,776","8,579",238,"-24,906","-13,428",2.24,0.90,,"82,762","9,214",,343,"92,319","20,439","26,616","86,142","155,426","149,371",1.31,1.27
PACE,24Aug2021,Mountain,N,"156,046","148,105","154,460","6,355","83,296","28,948",,,"3,465","14,834","21,602","2,315",,"1,024","28,387","6,456","9,004",-214,"-22,530","-15,772",2.25,0.90,,"84,931","11,866",,281,"97,078","20,580","27,979","89,680","154,460","148,105",1.39,1.33
PACE,25Aug2021,Mountain,N,"156,655","150,357","163,080","12,723","80,341","35,304",,,"3,412","13,359","28,356","2,308",,"2,114","27,318","6,007","9,873",382,"-19,093","-13,878",2.24,0.90,,"81,713","14,417",,316,"96,446","16,983","27,201","86,228","163,080","150,357",1.30,1.26
PACE,26Aug2021,Mountain,N,"154,311","154,168","162,899","8,731","82,341","38,319",,,"3,901","14,111","21,955","2,272",,"6,332","19,466","4,998","12,339","-1,403","-21,080","-11,921",2.24,0.90,,"83,717","15,663",,281,"99,662","16,335","26,057","89,940","162,899","154,168",1.35,1.29
PACE,27Aug2021,Mountain,N,"150,894","142,282","171,249","28,967","82,117","37,258",,,"3,987","14,662","30,787","2,438",,"9,656","28,163","7,414","13,813",-339,"-22,240","-7,500",2.24,0.90,,"83,506","15,264",,346,"99,116","14,571","33,724","79,963","171,249","142,282",1.28,1.24
PACE,28Aug2021,Mountain,N,"140,234","132,901","156,565","23,664","83,505","37,009",,,"3,543","14,208","15,875","2,425",,"8,099","36,604","5,939","11,332",-841,"-27,500","-9,969",2.24,0.91,,"84,942","15,196",,240,"100,378","21,060","38,763","82,675","156,565","132,901",1.41,1.37
PACE,29Aug2021,Mountain,N,"143,952","132,285","155,399","23,114","86,723","36,663",,,"3,500","12,705","13,426","2,382",,"8,969","33,538","6,141","11,177",-518,"-26,833","-9,360",2.24,0.90,,"88,065","15,030",,213,"103,308","19,494","38,487","84,316","155,399","132,285",1.47,1.41
PACE,30Aug2021,Mountain,N,"158,950","148,389","158,839","10,450","89,221","37,421",,,"3,911","11,376","14,613","2,297",,"7,222","26,633","5,904","9,929","-1,156","-28,860","-9,222",2.24,0.90,,"90,576","15,316",,214,"106,107","19,262","31,900","93,469","158,839","148,389",1.47,1.39
PACE,31Aug2021,Mountain,N,"159,166","151,138","153,968","2,830","87,097","38,313",,,"3,826","5,904","16,495","2,333",,"5,154","20,975","5,703","9,194","-2,195","-27,552","-8,449",2.24,0.90,,"88,403","15,681",,190,"104,275","18,309","26,488","96,096","153,968","151,138",1.49,1.40
PACE,01Sep2021,Mountain,N,"145,837","144,370","147,987","3,617","82,184","36,861",,,"3,767","5,576","17,198","2,401",,"3,510","24,150","6,972","8,545",-342,"-26,892","-12,326",2.24,0.90,,"83,321","15,121",,193,"98,635","20,727","27,936","91,425","147,987","144,370",1.47,1.40
PACE,02Sep2021,Mountain,N,"143,882","145,873","153,546","7,673","90,736","35,054",,,"3,734","12,865","8,861","2,296",,"4,025","30,355","7,056","10,064",-25,"-28,850","-14,952",2.24,0.90,,"91,994","14,365",,185,"106,543","24,874","34,906","96,512","153,546","145,873",1.53,1.46
PACE,03Sep2021,Mountain,N,"148,200","141,278","157,501","16,223","86,936","37,809",,,"3,712","12,809","13,852","2,383",,"5,173","30,765","10,111","10,495",-269,"-25,333","-14,719",2.23,0.90,,"87,988","15,485",,218,"103,692","22,852","36,619","89,925","157,501","141,278",1.45,1.40
PACE,04Sep2021,Mountain,N,"133,229","129,630","148,069","18,439","80,240","35,403",,,"3,220","14,067","12,754","2,385",,"3,168","32,768","9,423","10,972",-126,"-25,855","-11,911",2.23,0.90,,"81,188","14,509",,216,"95,914","21,834","36,075","81,673","148,069","129,630",1.43,1.39
PACE,05Sep2021,Mountain,N,"138,438","131,844","146,608","14,764","80,368","30,654",,,"3,220","13,975","16,041","2,350",,"4,614","28,660","8,707","9,338","-1,107","-25,773","-9,675",2.23,0.90,,"81,327","12,557",,237,"94,121","19,393","32,055","81,459","146,608","131,844",1.42,1.36
PACE,06Sep2021,Mountain,N,"147,739","136,299","166,964","30,665","82,170","31,748",,,"3,202","13,834","33,680","2,330",,"4,657","32,959","10,197","9,934",351,"-19,812","-7,621",2.24,0.90,,"83,303","13,024",,353,"96,681","14,014","33,425","77,269","166,964","136,299",1.28,1.25
PACE,07Sep2021,Mountain,N,"151,244","140,881","148,888","8,007","87,578","33,915",,,"3,164","13,500","8,472","2,259",,"3,828","32,503","7,615","7,883",368,"-28,261","-15,929",2.24,0.90,,"88,951","13,911",,182,"103,044","24,657","34,980","92,721","148,888","140,881",1.53,1.45
PACE,08Sep2021,Mountain,N,"155,201","141,186","149,996","8,810","90,810","33,088",,,"3,586","13,242","6,717","2,553",,"5,106","28,861","8,512","10,095",234,"-28,727","-15,271",2.24,0.91,,"92,109","13,584",,174,"105,866","23,911","35,907","93,870","149,996","141,186",1.56,1.47
PACE,09Sep2021,Mountain,N,"157,970","143,294","159,426","16,132","87,021","38,109",,,"3,197","12,141","15,869","3,089",,"7,258","27,599","5,231","12,022",-724,"-25,862","-9,392",2.24,0.90,,"88,308","15,641",,228,"104,178","19,091","33,608","89,660","159,426","143,294",1.44,1.38
PACE,10Sep2021,Mountain,N,"156,907","143,078","161,291","18,213","88,467","39,046",,,"2,555","9,740","18,437","3,046",,"8,659","23,383","7,859","11,799","-1,732","-25,109","-6,646",2.24,0.91,,"89,774","16,030",,225,"106,029","16,742","33,027","89,744","161,291","143,078",1.45,1.38
PACE,11Sep2021,Mountain,N,"141,201","126,020","167,061","41,041","80,758","36,046",,,"2,517","11,028","33,506","3,206",,"10,231","31,007","9,003","13,080",-718,"-17,814","-3,748",2.24,0.91,,"81,977","14,817",,335,"97,128","10,836","36,384","71,580","167,061","126,020",1.28,1.25
PACE,12Sep2021,Mountain,N,"139,995","128,799","151,873","23,074","82,625","31,637",,,"2,506","12,966","18,936","3,203",,"7,279","30,738","5,995","11,399",-584,"-23,963","-7,790",2.24,0.91,,"83,907","12,996",,251,"97,153","18,349","35,563","79,940","151,873","128,799",1.41,1.37
PACE,13Sep2021,Mountain,N,"144,611","144,069","158,851","20,836","82,492","38,747",,,"2,512","14,084","24,622","2,448",,"6,570","23,067","7,319","12,134",-775,"-21,471","-6,008",2.24,0.91,,"83,892","15,913",,291,"100,096","13,112","29,199","84,009","164,905","144,069",1.34,1.29
PACE,14Sep2021,Mountain,N,"141,774","130,737","156,756","26,019","85,690","35,418",,,"2,417","13,876","16,885","2,470",,"6,942","23,188","10,175","12,430","2,434","-22,074","-6,690",2.24,0.91,,"87,099","14,547",,237,"101,883","12,641","34,287","80,237","156,756","130,351",1.43,1.36
PACE,15Sep2021,Mountain,N,"148,281","129,490","172,619","43,129","79,639","31,766",,,"2,322","13,669","42,729","2,494",,"8,935","23,159","9,860","12,764","2,503","-12,667","-1,413",2.24,0.90,,"80,904","13,037",,408,"94,349","5,561","31,338","68,572","172,619","129,478",1.20,1.17
PACE,16Sep2021,Mountain,N,"149,304","133,335","168,946","35,611","79,577","30,318",,,"2,389","13,600","40,423","2,639",,"5,715","26,423","8,694","12,534","2,695","-16,518","-3,932",2.24,0.91,,"80,890","12,452",,393,"93,736","9,113","31,030","71,820","168,946","133,335",1.22,1.19
PACE,17Sep2021,Mountain,N,"144,515","128,292","150,369","22,077","82,668","29,234",,,"2,434","12,966","20,377","2,690",,"3,207","33,631","6,387","11,540",-350,"-20,761","-11,577",2.24,0.90,,"83,940","11,983",,256,"96,180","16,946","34,227","78,899","150,369","128,292",1.41,1.36
PACE,18Sep2021,Mountain,N,"135,953","126,982","158,892","31,910","81,599","21,739",,,"2,422","8,929","41,348","2,855",,"3,371","33,873","7,827","10,892",421,"-14,524","-9,950",2.23,0.90,,"82,716","8,912",,370,"91,998","12,675","32,537","72,136","158,892","126,982",1.28,1.25
PACE,19Sep2021,Mountain,N,"130,133","123,894","145,796","21,902","60,720","20,463",,,"2,400","12,704","46,660","2,849",,303,"31,207","3,148","8,672",350,"-10,433","-11,345",2.24,0.90,,"61,627","8,397",,430,"70,453","11,702","22,776","59,380","145,796","123,894",1.07,1.06
PACE,20Sep2021,Mountain,N,"128,757","122,175","138,895","16,720","80,861","17,179",,,"2,415","13,606","21,922","2,912",,"1,459","30,227","8,608","11,254",-517,"-20,150","-14,161",2.24,0.90,,"82,143","7,050",,272,"89,465","17,620","32,082","75,002","138,895","122,175",1.42,1.35
PACE,21Sep2021,Mountain,N,"129,617","118,512","122,535","4,023","68,337","16,230",,,"2,351","14,150","18,580","2,887",,"-1,765","29,879","7,459","8,603","-1,445","-20,845","-17,863",2.24,0.91,,"69,405","6,677",,253,"76,335","23,573","27,977","71,931","122,535","118,512",1.37,1.34
PACE,22Sep2021,Mountain,N,"135,870","122,079","133,441","11,362","71,571","17,747",,,"2,225","13,213","25,716","2,969",,-164,"27,826","6,840","9,625",-756,"-16,327","-15,674",2.23,0.91,,"72,543","7,291",,294,"80,128","18,958","26,657","72,430","133,441","122,071",1.32,1.31
PACE,23Sep2021,Mountain,N,"135,597","121,201","129,020","7,819","76,463","20,341",,,"2,100","11,795","15,027","3,294",,376,"28,734","9,134","9,306",-255,"-22,113","-17,363",2.24,0.91,,"77,524","8,386",,215,"86,124","22,944","31,004","78,064","129,020","121,201",1.47,1.42
PACE,24Sep2021,Mountain,N,"133,832","124,568","127,464","2,896","86,405","19,033",,,"2,069","13,080","3,544","3,333",,485,"33,481","5,180","9,624",-817,"-25,387","-19,670",2.23,0.91,,"87,579","7,844",,147,"95,569","27,758","35,470","87,857","127,464","124,568",1.65,1.55
PACE,25Sep2021,Mountain,N,"130,888","122,461","142,587","20,126","82,265","19,011",,,"2,053","12,775","23,208","3,275",,"1,767","31,459","7,130","10,450",797,"-16,372","-15,105",2.23,0.91,,"83,150","7,819",,275,"91,244","17,647","32,499","76,392","142,587","122,461",1.41,1.38
PACE,26Sep2021,Mountain,N,"132,550","127,118","145,671","18,553","86,173","17,612",,,"2,035","12,070","24,532","3,249",,"2,206","33,917","5,148","10,214",717,"-20,344","-13,305",2.23,0.91,,"87,214","7,246",,279,"94,739","18,770","33,097","80,412","145,671","127,118",1.43,1.39
PACE,27Sep2021,Mountain,N,"140,372","133,722","133,420",-302,"88,107","18,519",,,"2,018","11,623","9,914","3,239",,104,"29,835","3,931","6,497",389,"-26,247","-14,811",2.23,0.90,,"89,123","7,596",,178,"96,897","23,856","28,990","91,763","133,420","133,722",1.60,1.51
PACE,28Sep2021,Mountain,N,"133,016","126,351","132,243","5,892","81,393","18,028",,,"2,025","8,642","18,842","3,313",,678,"24,959","5,601","6,270",457,"-20,493","-11,580",2.23,0.91,,"82,464","7,404",,219,"90,087","16,228","25,911","80,404","132,243","126,351",1.50,1.40
PACE,29Sep2021,Mountain,N,"127,392","121,066","131,676","10,610","81,748","18,795",,,"2,047","10,654","14,996","3,436",,"1,945","32,622","7,175","9,298",450,"-25,913","-14,973",2.24,0.91,,"82,892","7,732",,207,"90,831","22,332","33,981","79,183","131,676","121,072",1.52,1.44
PACE,30Sep2021,Mountain,N,"127,210","121,610","128,331","6,721","86,050","18,387",,,"2,026","12,952","5,486","3,430",,"1,316","33,281","4,718","10,139","1,222","-28,057","-15,898",2.23,0.90,,"87,187","7,547",,159,"94,893","24,297","35,515","83,675","128,331","121,610",1.63,1.52
PACE,01Oct2021,Mountain,N,"129,634","120,202","126,672","6,470","88,017","16,115",,,"2,022","12,586","4,553","3,379",,953,"31,962","3,509","7,292","1,566","-26,880","-11,932",2.23,0.90,,"89,007","6,591",,150,"95,749","23,460","33,360","85,848","126,672","120,202",1.67,1.57
PACE,02Oct2021,Mountain,N,"121,612","118,897","121,403","2,506","85,677","15,605",,,"1,947","12,532","2,320","3,322",,"1,744","30,926","2,671","6,251",713,"-29,748","-10,051",2.23,0.90,,"86,509","6,395",,134,"93,037","23,630","31,280","85,387","121,403","118,897",1.69,1.58
PACE,03Oct2021,Mountain,N,"122,108","114,731","131,360","16,629","85,688","15,727",,,"1,891","11,490","13,231","3,333",,"3,216","30,061","6,202","7,737",-5,"-25,140","-5,442",2.23,0.90,,"86,615","6,444",,199,"93,258","17,014","32,712","77,560","131,360","114,731",1.57,1.49
PACE,04Oct2021,Mountain,N,"131,858","127,386","137,828","10,442","88,775","19,845",,,"1,674","9,714","14,527","3,293",,"2,925","30,601","4,932","7,447",482,"-27,501","-8,444",2.23,0.90,,"89,902","8,133",,195,"98,229","19,914","32,125","86,018","137,828","127,386",1.57,1.49
PACE,05Oct2021,Mountain,N,"133,128","121,683","127,825","6,142","86,099","16,245",,,"1,521","3,646","16,966","3,348",,"2,908","26,526","5,198","7,049",612,"-25,966","-10,185",2.23,0.90,,"87,210","6,666",,170,"94,047","18,884","29,543","83,388","127,825","121,683",1.62,1.51
PACE,06Oct2021,Mountain,N,"131,404","117,685","131,320","13,635","73,024","17,172",,,"1,490","8,542","27,711","3,381",,"2,860","29,517","1,013","8,360",680,"-19,932","-8,863",2.24,0.91,,"74,040","7,050",,274,"81,365","14,129","25,956","69,538","131,320","117,685",1.37,1.30
PACE,07Oct2021,Mountain,N,"129,942","116,761","124,867","8,106","71,921","16,826",,,"1,412","6,574","24,759","3,375",,"2,280","33,086","2,990","3,372",721,"-22,551","-11,792",2.23,0.91,,"72,873","6,917",,241,"80,031","18,908","27,081","71,857","124,867","116,761",1.41,1.36
PACE,08Oct2021,Mountain,N,"127,132","121,573","119,024","-2,549","75,273","16,945",,,"1,342","2,557","19,530","3,377",,"1,082","30,023","2,589","3,812","1,262","-24,281","-17,036",2.23,0.90,,"76,295","6,951",,179,"83,424","24,068","27,070","80,421","119,024","121,573",1.55,1.46
PACE,09Oct2021,Mountain,N,"118,169","116,855","126,826","9,971","60,641","16,000",,,"1,347","10,422","34,970","3,446",,"1,413","28,274","3,692","8,383","1,936","-19,962","-13,765",2.24,0.91,,"61,542","6,576",,334,"68,453","16,782","24,646","60,589","126,826","116,855",1.19,1.14
PACE,10Oct2021,Mountain,N,"118,196","116,307","124,852","8,545","60,746","16,698",,,"1,324","12,025","30,625","3,434",,"1,875","31,888","2,663","8,820",236,"-23,663","-13,274",2.24,0.91,,"61,629","6,864",,316,"68,808","19,689","26,700","61,798","124,852","116,307",1.22,1.17
PACE,11Oct2021,Mountain,N,"127,784","120,753","119,483","-1,270","67,499","15,116",,,"1,364","8,134","24,062","3,308",,"1,383","30,770","-1,764","6,787","1,257","-24,574","-15,129",2.24,0.91,,"68,474","6,206",,246,"74,926","22,411","25,415","71,922","119,483","120,753",1.38,1.31
PACE,12Oct2021,Mountain,N,"131,394","125,512","119,294","-6,218","62,055","17,405",,,"1,713","3,899","30,882","3,340",,"-3,824","29,724","-3,732","4,048",854,"-18,851","-14,437",2.24,0.91,,"63,054","7,166",,265,"70,486","19,777","20,517","69,746","119,294","125,512",1.30,1.23
PACE,13Oct2021,Mountain,N,"132,316","116,581","123,655","7,074","55,723","16,962",,,"1,542","10,435","35,614","3,379",,"-2,058","30,448","-1,225","8,496",368,"-19,575","-9,380",2.24,0.91,,"56,523","6,967",,340,"63,830","15,362","20,926","58,266","123,655","116,581",1.14,1.10
PACE,14Oct2021,Mountain,N,"132,371","123,639","127,206","3,567","69,859","17,193",,,"1,125","9,208","26,444","3,377",,"-1,759","29,327","1,729","7,465","-1,492","-23,907","-7,796",2.23,0.90,,"70,766","7,052",,267,"78,086","17,789","24,168","71,707","127,206","123,639",1.35,1.28
PACE,15Oct2021,Mountain,N,"130,788","116,252","125,761","9,509","57,912","16,762",,,868,"12,071","34,775","3,373",,"-4,050","29,442","6,298","6,036",-107,"-19,937","-8,173",2.24,0.91,,"58,741","6,900",,340,"65,981","15,789","22,355","59,415","125,761","116,252",1.16,1.13
PACE,16Oct2021,Mountain,N,"121,349","112,540","129,129","16,589","64,879","17,141",,,788,"11,494","31,424","3,403",,"-2,421","34,060","5,201","9,023","1,273","-24,843","-5,704",2.23,0.91,,"65,501","7,058",,314,"72,873","17,657","28,619","61,911","129,129","112,540",1.24,1.21
PACE,17Oct2021,Mountain,N,"116,698","115,170","123,846","8,676","65,021","16,544",,,732,"9,408","28,743","3,398",,"-3,693","33,560","5,893","7,030","2,429","-25,142","-11,401",2.23,0.91,,"65,713","6,814",,282,"72,809","21,185","29,018","64,976","123,846","115,170",1.30,1.24
PACE,18Oct2021,Mountain,N,"126,246","120,995","125,321","4,326","77,552","17,614",,,737,"5,292","20,749","3,377",,"-2,090","31,510","6,207","7,148","-1,405","-26,887","-10,157",2.23,0.91,,"78,560","7,261",,201,"86,021","21,413","29,919","77,515","125,321","120,995",1.51,1.41
PACE,19Oct2021,Mountain,N,"129,105","121,952","127,286","5,334","69,391","17,293",,,736,"8,558","27,944","3,364",,"-2,464","33,384","3,922","7,301","-2,130","-23,630","-11,049",2.24,0.91,,"70,363","7,132",,270,"77,765","20,592","27,288","71,069","127,286","121,952",1.35,1.28
PACE,20Oct2021,Mountain,N,"127,946","119,243","127,804","8,561","64,528","17,612",,,712,"8,153","33,436","3,363",,-342,"26,494","4,075","7,614","-3,408","-21,464","-4,408",2.23,0.90,,"65,331","7,220",,304,"72,855","15,231","22,488","65,597","127,804","119,243",1.26,1.21
PACE,21Oct2021,Mountain,N,"127,788","116,119","131,814","15,695","68,944","19,009",,,689,"9,105","30,718","3,349",,214,"29,348","8,113","7,808","-2,321","-23,962","-3,505",2.23,0.90,,"69,743","7,771",,292,"77,807","14,611","26,178","66,240","131,814","116,119",1.30,1.26
PACE,22Oct2021,Mountain,N,"124,889","122,111","136,704","14,593","75,929","17,270",,,658,"8,771","30,726","3,350",,"1,523","27,501","5,298","9,248",-886,"-22,236","-5,855",2.23,0.90,,"76,882","7,079",,290,"84,251","14,474","26,854","71,871","136,704","122,111",1.36,1.30
PACE,23Oct2021,Mountain,N,"118,552","115,530","126,064","10,534","67,788","17,569",,,642,"4,072","32,640","3,353",,-363,"34,197","2,032","7,360",-986,"-23,034","-8,672",2.23,0.91,,"68,716","7,218",,271,"76,206","18,303","27,077","67,432","126,064","115,530",1.33,1.29
PACE,24Oct2021,Mountain,N,"117,728","112,910","129,167","16,257","69,727","18,643",,,632,"4,769","32,082","3,314",,486,"35,161","4,087","8,565",610,"-24,580","-8,072",2.23,0.90,,"70,642","7,650",,272,"78,563","17,361","29,890","66,034","129,167","112,910",1.34,1.29
PACE,25Oct2021,Mountain,N,"124,720","117,150","139,002","21,852","66,533","24,014",,,653,"6,008","38,566","3,228",,-545,"32,231","10,508","7,413",682,"-20,313","-8,124",2.23,0.90,,"67,386","9,857",,323,"77,566","13,710","28,105","63,170","139,002","117,150",1.23,1.19
PACE,26Oct2021,Mountain,N,"129,165","124,537","140,773","16,236","64,885","32,447",,,752,"6,320","32,944","3,425",,-863,"30,286","7,772","10,067",-308,"-16,304","-14,414",2.24,0.91,,"65,916","13,379",,289,"79,584","14,492","26,994","67,082","140,773","124,537",1.25,1.19
PACE,27Oct2021,Mountain,N,"130,564","123,389","145,703","22,314","63,611","31,005",,,854,"9,431","37,434","3,368",,"-1,257","27,800","12,385","9,511",-773,"-13,512","-11,840",2.24,0.91,,"64,618","12,780",,340,"77,739","11,710","26,163","63,285","145,703","123,389",1.18,1.13
PACE,28Oct2021,Mountain,N,"127,994","116,969","143,116","26,147","65,885","31,463",,,910,"10,083","31,410","3,365",,419,"27,470","9,789","9,891",-720,"-14,489","-6,213",2.24,0.91,,"66,983","12,987",,305,"80,275","9,359","26,469","63,166","143,116","116,969",1.24,1.19
PACE,29Oct2021,Mountain,N,"126,100","116,276","142,757","26,481","65,068","27,024",,,699,"10,292","36,421","3,253",,426,"24,377","10,999","9,652","-1,216","-17,894",137,2.23,0.91,,"65,963","11,118",,337,"77,419","7,891","24,432","60,878","142,757","116,276",1.20,1.15
PACE,30Oct2021,Mountain,N,"118,354","112,102","135,668","23,566","66,036","30,423",,,624,"8,961","26,517","3,107",,328,"32,351","8,646","10,741","1,332","-22,601","-7,231",2.23,0.91,,"66,808","12,493",,261,"79,563","14,552","30,652","63,462","135,668","112,102",1.29,1.25
PACE,31Oct2021,Mountain,N,"118,496","112,566","118,615","6,049","67,912","30,399",,,773,"8,575","7,899","3,057",,27,"32,901","3,307","8,995",441,"-29,521","-10,101",2.23,0.91,,"68,750","12,490",,135,"81,375","23,216","32,069","72,523","118,615","112,566",1.51,1.42
PACE,01Nov2021,Mountain,N,"127,702","118,495","119,530","1,035","72,165","33,807",,,719,"6,427","3,413","2,999",,"1,067","26,398","6,082","5,441","-1,663","-29,486","-6,804",2.23,0.90,,"72,966","13,823",,90,"86,878","19,550","26,895","79,534","119,530","118,495",1.60,1.48
PACE,02Nov2021,Mountain,N,"129,532","121,678","127,597","5,919","74,368","33,633",,,669,"8,373","7,488","3,066",,"2,853","23,929","4,203","6,468","-2,733","-26,986","-1,815",2.23,0.90,,"75,161","13,745",,131,"89,037","16,433","25,593","79,876","127,597","121,678",1.54,1.45
PACE,03Nov2021,Mountain,N,"129,319","115,365","138,662","23,297","72,159","35,292",,,680,"9,845","17,606","3,080",,"3,531","25,230","9,795","8,763","-3,637","-27,909","7,524",2.23,0.90,,"72,985","14,425",,208,"87,618","15,898","33,264","70,252","138,662","115,365",1.39,1.34
PACE,04Nov2021,Mountain,N,"127,624","116,110","148,400","32,290","64,470","27,966",,,666,"9,685","42,575","3,038",,"1,679","23,619","9,173","9,827","-1,499","-20,108","9,599",2.23,0.90,,"65,293","11,469",,373,"77,135","8,985","27,663","58,457","148,400","116,110",1.15,1.11
PACE,05Nov2021,Mountain,N,"126,985","117,241","149,700","32,459","63,464","32,953",,,798,"10,040","39,288","3,157",,"1,681","30,353","11,289","12,058","-1,660","-20,424",-838,2.24,0.91,,"64,412","13,545",,355,"78,312","10,639","28,851","60,101","149,700","117,241",1.15,1.13
PACE,06Nov2021,Mountain,N,"119,383","111,993","136,917","24,924","62,992","30,261",,,913,"7,955","31,537","3,259",,"2,810","29,801","8,500","9,989","-1,414","-25,422",660,2.23,0.91,,"63,839","12,465",,291,"76,594","13,151","28,895","60,851","136,917","111,993",1.23,1.20
PACE,07Nov2021,Mountain,N,"125,162","118,671","137,239","18,568","63,073","31,301",,,931,"9,164","29,346","3,424",,"2,595","28,612","7,422","10,787","-1,755","-23,020","-6,073",2.24,0.91,,"63,961","12,923",,286,"77,169","14,696","27,700","64,166","137,239","118,671",1.24,1.19
PACE,08Nov2021,Mountain,N,"132,079","121,759","117,158","-4,601","62,255","36,506",,,889,"7,482","6,793","3,233",,"1,915","19,644","8,835","8,196","-2,354","-30,522","-10,315",2.23,0.91,,"63,074","15,039",,123,"78,235","22,190","24,408","76,017","117,158","121,759",1.47,1.38
PACE,09Nov2021,Mountain,N,"131,164","122,918","132,595","9,677","60,384","35,859",,,882,"3,360","28,893","3,217",,"3,198","12,545","9,608","7,246","-3,228","-23,928","4,236",2.23,0.90,,"61,126","14,707",,242,"76,075","11,028","20,073","67,030","132,595","122,918",1.26,1.20
PACE,10Nov2021,Mountain,N,"132,841","125,376","149,695","24,319","58,075","32,972",,,964,"8,791","45,575","3,318",,"2,765","17,511","12,742","9,277","-4,460","-13,939",423,2.23,0.91,,"58,864","13,581",,391,"72,835","7,879","21,066","59,649","149,695","125,376",1.07,1.05
PACE,11Nov2021,Mountain,N,"131,182","125,220","158,837","33,617","64,844","33,200",,,995,"8,334","48,144","3,320",,"3,412","23,993","10,990","9,420",-933,"-9,319","-3,946",2.23,0.91,,"65,716","13,657",,405,"79,778","6,573","24,179","62,173","158,837","125,220",1.11,1.09
PACE,12Nov2021,Mountain,N,"130,420","127,543","164,525","36,982","69,919","33,792",,,988,"8,699","47,773","3,354",,"4,426","22,642","12,238","11,053","-1,910","-9,105","-2,362",2.24,0.91,,"70,919","13,906",,405,"85,230","6,361","26,734","64,857","164,525","127,543",1.14,1.12
PACE,13Nov2021,Mountain,N,"122,392","122,102","156,769","34,667","68,891","20,279",,,927,"8,393","54,894","3,385",,"2,349","26,667","8,947","9,236","-1,291","-6,932","-4,309",2.23,0.91,,"69,818","8,329",,450,"78,597","6,310","23,993","60,915","156,769","122,102",1.11,1.10
PACE,14Nov2021,Mountain,N,"121,332","121,156","159,736","38,580","62,709","28,383",,,846,"7,748","56,680","3,370",,"3,578","26,385","12,154","9,539",-847,"-10,192","-2,037",2.24,0.90,,"63,609","11,632",,457,"75,698","5,581","24,796","56,483","159,736","121,156",1.04,1.03
PACE,15Nov2021,Mountain,N,"127,459","128,494","164,783","36,289","68,215","25,205",,,884,"6,880","60,326","3,273",,"1,646","22,157","11,252","8,798","-2,474","-6,730","1,640",2.24,0.90,,"69,231","10,330",,475,"80,037","3,926","22,543","61,420","164,783","128,494",1.07,1.05
PACE,16Nov2021,Mountain,N,"131,535","129,463","164,370","34,907","70,433","24,050",,,934,"6,200","59,669","3,084",,-28,"25,075","9,834","9,658","-1,309","-8,237",-86,2.24,0.91,,"71,595","9,904",,466,"81,965","3,754","22,506","63,213","164,370","129,463",1.10,1.08
PACE,17Nov2021,Mountain,N,"138,176","129,926","142,697","12,771","74,745","26,857",,,"1,020","8,969","27,972","3,134",,-28,"25,566","4,365","7,721","-1,607","-17,394","-5,852",2.24,0.91,,"75,961","11,071",,274,"87,305","11,165","22,403","76,067","142,697","129,926",1.35,1.29
PACE,18Nov2021,Mountain,N,"136,013","129,330","150,228","20,898","74,918","26,942",,,987,"6,367","37,920","3,094",,961,"24,389","5,739","5,831",-696,"-15,095",-231,2.24,0.90,,"75,998","11,040",,322,"87,360","7,386","21,872","72,875","150,228","129,330",1.28,1.24
PACE,19Nov2021,Mountain,N,"132,661","125,776","164,574","38,798","74,140","32,944",,,943,"5,185","48,341","3,021",,"1,351","32,572","7,692","8,532",-191,"-9,145","-2,013",2.24,0.91,,"75,343","13,559",,383,"89,285","5,064","27,422","66,927","164,574","125,776",1.20,1.17
PACE,20Nov2021,Mountain,N,"127,198","127,088","139,766","12,678","78,659","28,865",,,945,"6,330","21,898","3,069",,"1,217","23,960","8,105","6,718","-2,723","-20,121","-4,478",2.23,0.90,,"79,728","11,846",,215,"91,788","12,358","25,368","78,779","139,766","127,088",1.45,1.37
PACE,21Nov2021,Mountain,N,"128,902","125,205","158,575","33,370","78,638","34,200",,,968,"8,355","33,285","3,129",,"2,845","31,762","5,755","7,923",492,"-13,113","-2,294",2.24,0.91,,"79,761","14,058",,305,"94,123","8,302","30,073","72,352","158,575","125,205",1.31,1.27
PACE,22Nov2021,Mountain,N,"134,468","130,230","172,096","41,866","75,025","34,058",,,"1,002","8,436","50,440","3,135",,"1,521","28,051","7,483","7,789",791,"-5,649","1,880",2.23,0.90,,"75,978","13,936",,420,"90,333","2,008","25,011","67,330","172,096","130,230",1.16,1.14
PACE,23Nov2021,Mountain,N,"134,856","131,130","171,100","39,970","70,300","32,789",,,982,"5,913","57,866","3,250",,"2,301","25,470","9,506","8,004",-216,"-7,304","2,209",2.24,0.91,,"71,522","13,475",,453,"85,450","2,949","23,990","64,409","171,100","131,130",1.10,1.08
PACE,24Nov2021,Mountain,N,"139,609","131,552","152,601","21,049","75,113","34,891",,,960,"8,264","30,021","3,352",,"2,318","27,346","6,015","9,377","-1,563","-19,520","-2,924",2.24,0.91,,"76,488","14,371",,284,"91,143","10,236","26,171","75,207","152,601","131,552",1.32,1.26
PACE,25Nov2021,Mountain,N,"131,164","127,761","172,770","45,009","76,128","30,488",,,"1,032","8,522","53,221","3,379",,"2,369","30,581","5,971","9,854",-463,"-4,401","1,098",2.23,0.90,,"77,138","12,515",,441,"90,094","2,402","26,714","65,782","172,770","127,761",1.15,1.14
PACE,26Nov2021,Mountain,N,"129,951","129,397","165,865","36,468","70,631","31,796",,,"1,001","7,417","51,751","3,269",,845,"28,684","6,709","10,060","-1,830","-4,769","-3,231",2.23,0.91,,"71,599","13,061",,423,"85,082","5,354","25,124","65,312","165,865","129,397",1.13,1.11
PACE,27Nov2021,Mountain,N,"128,361","129,895","146,679","16,784","82,775","31,708",,,952,"7,884","20,592","2,768",,"2,268","28,605","2,067","10,442","-1,785","-19,560","-5,253",2.24,0.90,,"83,979","13,015",,214,"97,208","13,020","28,422","81,806","146,679","129,895",1.46,1.39
PACE,28Nov2021,Mountain,N,"127,741","125,859","160,658","34,799","60,210","30,364",,,924,"7,981","57,856","3,323",,"1,684","22,902","6,872","8,982","-1,534","-5,125","1,018",2.23,0.90,,"60,968","12,446",,467,"73,881","3,250","20,466","56,665","160,658","125,859",1.01,0.99
PACE,29Nov2021,Mountain,N,"135,177","133,132","167,526","34,394","73,643","31,301",,,916,"7,879","50,487","3,300",,"3,303","25,360","8,076","11,637","-2,901","-10,187",-894,2.24,0.90,,"74,707","12,846",,417,"87,970","5,552","25,230","68,292","167,526","133,132",1.16,1.13
PACE,30Nov2021,Mountain,N,"136,168","135,251","159,790","24,539","71,536","34,011",,,"1,012","7,755","42,182","3,294",,"1,758","21,079","9,967","8,788","-2,578","-10,496","-3,979",2.24,0.90,,"72,556","13,955",,361,"86,872","7,700","22,882","71,690","159,790","135,251",1.20,1.17
PACE,01Dec2021,Mountain,N,"137,942","134,131","164,567","30,436","67,653","32,696",,,"1,018","7,562","52,324","3,314",,"1,778","21,321","9,960","9,368","-1,633","-5,385","-4,973",2.24,0.91,,"68,626","13,434",,428,"82,487","5,248","21,582","66,153","164,567","134,131",1.11,1.09
PACE,02Dec2021,Mountain,N,"137,417","134,874","161,041","26,167","69,783","30,956",,,980,"7,567","48,485","3,270",,"1,459","21,020","8,298","9,677","-2,142","-9,994","-2,151",2.23,0.90,,"70,668","12,702",,402,"83,772","5,257","20,953","68,075","161,041","134,874",1.15,1.11
PACE,03Dec2021,Mountain,N,"138,618","131,701","138,523","6,822","70,496","34,477",,,987,"7,533","21,737","3,293",,"1,850","29,768","3,632","7,873","-1,053","-25,259","-9,989",2.23,0.91,,"71,427","14,169",,223,"85,820","18,829","26,043","78,606","138,523","131,701",1.37,1.32
PACE,04Dec2021,Mountain,N,"129,846","133,577","159,247","25,670","67,827","31,628",,,942,"7,615","47,985","3,250",,"2,744","30,263","4,550","8,637",-454,"-11,439","-8,631",2.23,0.91,,"68,620","12,999",,398,"82,017","11,028","24,210","68,835","159,247","133,577",1.14,1.14
PACE,05Dec2021,Mountain,N,"131,633","130,351","153,125","22,774","65,906","31,202",,,951,"7,664","44,058","3,344",,-595,"30,461","7,228","10,145","1,089","-12,139","-13,415",2.24,0.91,,"66,949","12,866",,373,"80,188","13,195","25,547","67,837","153,125","130,351",1.15,1.15
PACE,06Dec2021,Mountain,N,"140,251","135,608","153,617","18,009","70,446","36,791",,,"1,044","3,842","38,197","3,297",,"-1,592","32,226","6,451","6,212","2,313","-13,704","-13,897",2.24,0.90,,"71,455","15,084",,309,"86,848","16,081","26,626","76,304","153,617","135,608",1.25,1.24
PACE,07Dec2021,Mountain,N,"138,910","128,349","153,968","25,619","69,608","35,490",,,"1,037","5,021","39,548","3,264",,-500,"31,410","7,273","8,978","1,563","-12,408","-10,697",2.24,0.90,,"70,675","14,530",,326,"85,531","12,878","27,287","71,122","153,968","128,349",1.22,1.22
PACE,08Dec2021,Mountain,N,"138,069","132,545","161,568","29,023","67,124","34,111",,,"1,006","2,949","53,118","3,260",,"-1,633","27,174","8,148","8,944",104,"-9,137","-4,577",2.24,0.90,,"68,274","13,989",,402,"82,665","6,135","22,978","65,822","161,568","132,545",1.13,1.09
PACE,09Dec2021,Mountain,N,"140,989","135,750","138,527","2,777","74,266","35,567",,,"1,007",776,"23,726","3,185",,-678,"22,033","6,733","9,943","-2,330","-21,794","-11,130",2.24,0.91,,"75,565","14,640",,191,"90,396","16,557","23,662","83,291","138,527","135,750",1.44,1.35
PACE,10Dec2021,Mountain,N,"146,681","138,562","154,244","15,682","70,784","35,402",,,941,"3,889","39,889","3,339",,-123,"24,794","7,275","8,568",-150,"-16,509","-8,173",2.24,0.91,,"71,982","14,603",,320,"86,905","11,036","22,660","75,281","154,244","138,562",1.24,1.20
PACE,11Dec2021,Mountain,N,"141,194","134,465","161,664","27,199","64,004","31,657",,,977,"7,021","54,749","3,256",,"-1,443","29,056","7,314","8,658",-162,"-11,432","-4,792",2.24,0.91,,"64,920","12,999",,440,"78,359","7,259","22,244","63,373","161,664","134,465",1.07,1.04
PACE,12Dec2021,Mountain,N,"140,209","131,497","167,598","36,101","68,753","30,590",,,953,"7,613","56,421","3,268",,-653,"33,871","5,718","11,068",531,"-9,852","-4,582",2.24,0.91,,"69,872","12,601",,455,"82,928","6,998","25,707","64,220","167,598","131,497",1.09,1.08
PACE,13Dec2021,Mountain,N,"144,939","136,307","165,884","29,577","82,441","33,388",,,997,"4,318","41,749","2,991",,-675,"31,655","7,440","11,509",364,"-17,477","-3,239",2.24,0.91,,"83,669","13,737",,333,"97,740","9,423","29,419","77,744","165,884","136,307",1.30,1.26
PACE,14Dec2021,Mountain,N,"145,429","130,598","172,231","41,633","79,111","34,228",,,974,"4,790","50,213","2,915",,-775,"32,912","7,099","11,507",78,"-10,731","1,543",2.24,0.91,,"80,333","14,117",,392,"94,843","3,593","28,680","69,755","172,231","130,598",1.21,1.18
PACE,15Dec2021,Mountain,N,"149,246","135,870","174,209","38,339","77,161","36,661",,,"1,028","5,656","50,992","2,711",,"-1,177","36,705","6,206","10,904",452,"-10,009","-4,742",2.24,0.91,,"78,412","15,114",,402,"93,928","6,854","29,188","71,594","174,209","135,870",1.19,1.16
PACE,16Dec2021,Mountain,N,"148,980","138,468","162,298","23,830","66,289","35,007",,,"1,069","4,760","53,736","1,437",,-163,"26,065","4,155","6,350","-1,132","-6,938","-4,507",2.23,0.90,,"67,178","14,354",,406,"81,939","5,665","18,861","68,743","162,298","138,468",1.11,1.09
PACE,17Dec2021,Mountain,N,"148,750","139,693","155,474","15,781","64,847","33,555",,,968,"7,249","46,749","2,106",,19,"24,815","7,210","5,998",-172,"-11,881","-10,208",2.23,0.90,,"65,664","13,773",,380,"79,817","11,366","20,110","71,073","155,474","139,693",1.13,1.12
PACE,18Dec2021,Mountain,N,"144,018","141,216","162,845","21,629","66,715","33,339",,,939,"7,759","51,225","2,868",,"2,464","20,882","6,965","7,718","-1,342","-7,304","-7,754",2.23,0.90,,"67,584","13,666",,418,"81,668","8,374","19,688","70,354","162,845","141,216",1.11,1.10
PACE,19Dec2021,Mountain,N,"141,779","137,098","164,902","27,804","71,173","32,687",,,910,"7,893","49,007","3,232",,"2,493","30,792","3,586","9,618","1,117","-10,170","-9,632",2.24,0.90,,"72,226","13,404",,407,"86,037","10,262","25,304","70,995","164,902","137,098",1.15,1.14
PACE,20Dec2021,Mountain,N,"147,745","139,614","163,088","23,474","72,900","34,783",,,968,"7,669","43,558","3,210",,"3,014","30,787","4,352","9,541",-174,"-13,265","-10,781",2.24,0.90,,"73,942","14,227",,369,"88,537","13,375","26,383","75,529","163,088","139,614",1.20,1.19
PACE,21Dec2021,Mountain,N,"146,067","135,551","151,837","16,286","59,451","29,453",,,930,"4,836","53,863","3,304",,-264,"20,749","7,238","4,737","-1,394","-6,168","-8,612",2.23,0.90,,"60,237","12,064",,419,"72,721","8,945","16,173","65,493","151,837","135,551",1.06,1.07
PACE,22Dec2021,Mountain,N,"144,856","131,443","167,128","35,685","62,989","35,728",,,947,"3,329","60,802","3,333",,384,"32,160","5,309","7,868",-861,"-4,101","-5,074",2.23,0.90,,"63,809","14,643",,456,"78,907","5,590","22,385","62,113","167,128","131,443",1.04,1.04
PACE,23Dec2021,Mountain,N,"143,537","131,671","165,775","34,104","61,311","32,424",,,961,"2,173","65,637","3,269",,"-1,326","32,045","9,862","8,764",-68,"-4,929","-10,244",2.24,0.91,,"62,248","13,343",,480,"76,072","9,206","23,971","61,307","165,775","131,671",1.01,1.03
PACE,24Dec2021,Mountain,N,"136,978","134,638","161,620","26,982","65,782","33,293",,,"1,122","3,992","54,191","3,240",,306,"34,030","9,897","9,322","-1,109","-12,699","-12,765",2.24,0.91,,"66,812","13,730",,417,"80,959","12,933","27,176","66,715","161,620","134,638",1.10,1.09
PACE,25Dec2021,Mountain,N,"129,631","126,396","152,655","26,259","63,758","32,823",,,"1,198","6,690","44,916","3,270",,"-1,061","35,457","8,438","8,508",-12,"-11,475","-13,596",2.23,0.90,,"64,388","13,445",,374,"78,207","14,251","27,925","64,533","152,655","126,396",1.13,1.13
PACE,26Dec2021,Mountain,N,"139,939","132,558","154,306","21,748","66,445","32,490",,,"1,061","4,977","46,176","3,157",,"-1,907","39,477","6,303","6,443","1,815","-16,151","-14,232",2.24,0.91,,"67,434","13,382",,369,"81,185","15,368","28,841","67,712","154,306","132,558",1.16,1.13
PACE,27Dec2021,Mountain,N,"145,180","134,039","168,035","33,996","74,626","34,911",,,887,"4,297","50,231","3,083",,-883,"45,679","6,311","7,032","3,380","-15,178","-12,345",2.23,0.91,,"75,526","14,350",,390,"90,266","13,644","33,033","70,877","168,035","134,039",1.18,1.17
PACE,28Dec2021,Mountain,N,"148,828","141,865","162,252","20,387","76,998","36,772",,,914,"2,586","41,780","3,202",,"-1,910","42,661","6,057","6,209","2,185","-19,336","-15,479",2.23,0.91,,"78,059","15,116",,323,"93,498","18,440","32,401","79,536","162,252","141,865",1.27,1.24
PACE,29Dec2021,Mountain,N,"149,866","141,565","166,806","25,241","72,385","36,296",,,894,"5,183","48,773","3,275",,"-2,417","40,566","6,428","6,378","1,970","-14,552","-13,132",2.23,0.90,,"73,192","14,822",,387,"88,401","15,600","29,360","74,642","166,806","141,565",1.17,1.16
PACE,30Dec2021,Mountain,N,"148,533","136,710","172,827","36,117","75,612","35,714",,,848,"3,643","53,838","3,172",,"-2,524","41,509","10,321","9,010","1,168","-12,552","-10,815",2.23,0.90,,"76,517","14,655",,410,"91,581","11,842","32,259","71,164","172,827","136,710",1.17,1.15
PACE,31Dec2021,Mountain,N,"147,364","131,033","142,591","11,558","76,732","34,492",,,712,"2,549","24,847","3,259",,"-2,844","41,617","5,779","8,215","1,708","-25,783","-17,134",2.23,0.91,,"77,691","14,222",,209,"92,121","23,947","35,481","80,588","142,591","131,033",1.42,1.36
PACE,01Jan2022,Mountain,N,"144,666","133,372","146,574","13,202","68,720","35,475",,,904,"7,354","30,777","3,344",,"-2,505","37,804","4,161","7,609",730,"-21,481","-13,116",2.23,0.91,,"69,557","14,569",,282,"84,409","19,009","29,297","74,120","146,574","133,372",1.27,1.23
PACE,02Jan2022,Mountain,N,"150,105","132,688","173,856","41,168","73,193","35,481",,,822,"8,199","52,821","3,340",,-3,"37,558","7,238","10,249",556,"-7,159","-7,271",2.23,0.90,,"74,008","14,492",,434,"88,934","8,134","29,174","67,894","173,856","132,688",1.13,1.13
PACE,03Jan2022,Mountain,N,"153,426","135,893","174,695","38,802","75,813","34,898",,,768,"5,869","54,046","3,301",,677,"35,204","7,564","11,320",-277,"-9,133","-6,553",2.23,0.90,,"76,840","14,321",,426,"91,588","8,083","29,149","70,521","174,695","135,893",1.16,1.14
PACE,04Jan2022,Mountain,N,"151,801","137,035","165,070","28,035","74,501","35,318",,,892,"3,366","47,709","3,284",,-568,"34,730","8,913","10,569",-182,"-13,171","-12,256",2.24,0.91,,"75,753","14,531",,368,"90,653","13,690","30,392","73,950","165,070","137,035",1.21,1.19
PACE,05Jan2022,Mountain,N,"148,925","138,316","143,952","5,636","74,489","34,197",,,"1,024","5,708","25,336","3,198",,"-1,826","30,753","5,199","8,362",-28,"-26,024","-10,800",2.24,0.91,,"75,627","14,048",,235,"89,909","19,321","27,848","81,382","143,952","138,316",1.38,1.30
PACE,06Jan2022,Mountain,N,"147,846","135,189","144,582","9,393","67,533","34,514",,,"1,058","7,196","31,902","2,379",,"-2,238","26,689","5,826","7,232",-533,"-21,653","-5,930",2.24,0.90,,"68,543","14,097",,283,"82,924","14,682","22,863","74,742","144,582","135,189",1.26,1.22
PACE,07Jan2022,Mountain,N,"147,135","135,450","150,789","15,339","61,221","32,555",,,"1,103","6,841","46,691","2,378",,"-2,179","25,870","7,690","9,053","-1,576","-17,104","-6,415",2.24,0.90,,"62,210","13,331",,380,"75,920","11,319","21,048","66,191","150,789","135,450",1.11,1.08
PACE,08Jan2022,Mountain,N,"141,322","132,047","140,567","8,520","58,070","33,012",,,"1,118","6,160","38,873","3,334",,"-1,556","26,387","6,190","10,482",-971,"-22,506","-9,506",2.25,0.91,,"59,168","13,593",,330,"73,091","15,546","22,243","66,394","140,567","132,047",1.15,1.11
PACE,09Jan2022,Mountain,N,"141,549","134,608","154,474","19,866","59,698","32,539",,,"1,126","8,144","49,564","3,403",,-368,"21,485","5,198","8,212",-995,"-9,111","-4,555",2.24,0.90,,"60,646","13,350",,415,"74,411","7,317","17,956","63,772","154,474","134,608",1.06,1.04
PACE,10Jan2022,Mountain,N,"150,668","141,464","159,915","18,451","71,693","34,041",,,"1,089","8,128","41,603","3,361",,"1,149","22,355","6,613","8,673","-1,053","-16,153","-3,133",2.24,0.90,,"72,823","13,908",,361,"87,092","8,593","21,139","74,547","159,915","141,464",1.20,1.16
PACE,11Jan2022,Mountain,N,"150,240","142,742","162,265","19,523","64,937","33,833",,,970,"8,035","51,130","3,360",,-434,"23,259","5,972","9,282","-1,967","-7,923","-8,666",2.25,0.90,,"66,306","13,877",,423,"80,606","9,525","19,890","70,242","162,265","142,742",1.10,1.08
PACE,12Jan2022,Mountain,N,"148,321","141,278","174,363","33,085","70,458","33,504",,,895,"7,642","58,515","3,349",,"2,251","19,156","11,418","10,707","-2,779","-7,523",-145,2.24,0.90,,"71,717","13,740",,469,"85,926","4,090","21,561","68,456","174,363","141,278",1.09,1.07
PACE,13Jan2022,Mountain,N,"147,097","143,036","161,482","18,446","67,808","34,166",,,"1,007","4,961","50,270","3,270",,389,"17,907","8,983","10,192","-2,209","-12,412","-4,404",2.24,0.90,,"68,956","14,003",,396,"83,355","8,174","19,375","72,153","161,482","143,036",1.14,1.11
PACE,14Jan2022,Mountain,N,"147,577","140,804","134,464","-6,340","59,426","33,743",,,"1,028","7,646","29,288","3,333",,"-3,744","23,794","3,689","8,481",-977,"-23,082","-14,501",2.25,0.91,,"60,517","13,875",,275,"74,667","19,437","19,500","74,604","134,464","140,804",1.22,1.17
PACE,15Jan2022,Mountain,N,"141,535","138,069","162,443","24,374","72,923","29,979",,,"1,038","7,552","47,558","3,393",,-200,"27,039","8,420","10,530",-786,"-13,999","-6,630",2.25,0.90,,"74,281","12,272",,397,"86,949","9,682","24,352","72,279","162,443","138,069",1.18,1.15
PACE,16Jan2022,Mountain,N,"141,067","134,823","150,739","15,916","73,931","28,124",,,"1,013","7,901","36,408","3,362",,"-1,043","31,762","6,486","10,310","-1,073","-19,543","-10,983",2.24,0.90,,"75,237","11,488",,324,"87,049","15,110","27,268","74,891","150,739","134,823",1.27,1.22
PACE,17Jan2022,Mountain,N,"146,018","143,218","171,187","27,969","78,573","31,674",,,933,"4,901","51,779","3,327",,"-1,793","29,808","8,700","9,388","-2,297","-8,316","-7,521",2.25,0.90,,"80,028","12,951",,406,"93,385","9,161","25,828","76,717","171,187","143,218",1.20,1.18
PACE,18Jan2022,Mountain,N,"146,721","145,571","158,077","12,506","75,718","33,489",,,"1,013","4,672","39,841","3,344",,"-3,180","27,667","6,080","8,805","-2,116","-15,634","-9,116",2.25,0.90,,"77,128","13,746",,326,"91,199","13,005","23,920","80,284","158,077","145,571",1.27,1.22
PACE,19Jan2022,Mountain,N,"148,453","144,803","134,461","-10,342","81,444","35,116",,,"1,013","7,142","6,408","3,338",,"-1,277","22,982","4,217","8,223","-2,821","-31,756","-9,910",2.25,0.91,,"82,972","14,423",,119,"97,514","23,168","24,002","96,680","134,461","144,803",1.60,1.47
PACE,20Jan2022,Mountain,N,"147,173","147,091","165,016","17,925","71,349","34,213",,,"1,015","8,338","46,748","3,353",,"1,178","16,293","7,316","9,038","-2,696","-13,688",484,2.24,0.90,,"72,499","13,945",,396,"86,840","6,535","18,782","74,593","165,016","147,091",1.16,1.12
PACE,21Jan2022,Mountain,N,"146,516","141,960","143,733","1,773","75,246","36,145",,,"1,005","4,128","23,877","3,332",,-986,"25,013","5,998","9,139","-2,968","-24,325","-10,098",2.25,0.90,,"76,688","14,760",,215,"91,664","18,104","24,555","85,213","143,733","141,960",1.41,1.32
PACE,22Jan2022,Mountain,N,"140,850","140,883","145,651","4,768","69,756","33,616",,,"1,021","8,590","29,274","3,394",,-970,"26,925","2,719","8,308","-1,449","-22,186","-8,579",2.24,0.90,,"71,013","13,729",,282,"85,024","16,426","22,751","78,699","145,651","140,883",1.29,1.23
PACE,23Jan2022,Mountain,N,"140,206","139,700","159,877","20,177","66,364","32,518",,,"1,014","9,321","47,277","3,383",,-724,"28,402","3,503","6,968","-2,095","-9,869","-6,008",2.25,0.90,,"67,617","13,297",,406,"81,320","8,404","20,630","69,094","159,877","139,700",1.12,1.09
PACE,24Jan2022,Mountain,N,"147,168","145,398","152,165","6,767","78,401","34,205",,,921,"9,413","25,917","3,308",,-577,"30,128","4,882","8,373","-2,003","-25,000","-9,036",2.25,0.90,,"79,854","14,003",,264,"94,121","17,446","25,915","85,652","152,165","145,398",1.36,1.30
PACE,25Jan2022,Mountain,N,"147,805","143,009","136,250","-6,759","76,394","37,120",,,895,"4,525","14,036","3,280",,-532,"27,549","1,056","6,287","-2,496","-30,026","-8,597",2.24,0.90,,"77,710","15,166",,151,"93,027","21,320","24,012","90,335","136,250","143,009",1.51,1.39
PACE,26Jan2022,Mountain,N,"148,698","142,549","171,426","28,877","75,834","35,887",,,990,"9,643","45,740","3,332",,315,"32,099","4,296","10,120","-1,987","-9,770","-6,196",2.24,0.90,,"77,186","14,658",,398,"92,242","9,102","25,949","75,394","171,426","142,549",1.19,1.17
PACE,27Jan2022,Mountain,N,"150,108","142,594","154,528","11,934","75,542","35,157",,,692,"9,868","29,914","3,355",,349,"30,237",779,"9,557","-1,625","-21,335","-6,028",2.24,0.90,,"76,866","14,332",,292,"91,490","13,987","24,659","80,818","154,528","142,594",1.31,1.25
PACE,28Jan2022,Mountain,N,"148,847","139,242","179,139","39,897","74,808","34,815",,,659,"9,994","55,532","3,331",,"3,056","27,122","8,495","10,213",-877,"-5,272","-2,840",2.24,0.90,,"76,171","14,178",,463,"90,812","4,162","25,094","69,880","179,139","139,242",1.12,1.11
PACE,29Jan2022,Mountain,N,"140,023","135,625","171,814","36,189","75,470","34,838",,,891,"10,189","47,249","3,177",,"3,545","27,507","8,450","11,882",-837,"-11,010","-3,348",2.25,0.90,,"77,011","14,246",,410,"91,667","6,222","27,063","70,826","171,814","135,625",1.18,1.15
PACE,30Jan2022,Mountain,N,"139,521","134,248","162,609","28,361","71,452","34,134",,,880,"10,443","42,367","3,333",,"3,204","28,420","6,424","9,053",-488,"-13,200","-5,052",2.25,0.90,,"72,793","13,922",,380,"87,095","8,498","25,647","69,946","162,609","134,248",1.18,1.15
PACE,31Jan2022,Mountain,N,"145,892","140,641","181,358","40,717","78,771","34,139",,,903,"8,587","55,646","3,312",,"5,006","28,071","7,470","13,149","-1,107","-9,537","-2,335",2.25,0.90,,"80,217","13,966",,456,"94,639","4,505","27,635","71,509","181,358","140,641",1.15,1.12
PACE,01Feb2022,Mountain,N,"149,647","143,440","144,866","1,426","82,586","35,382",,,883,"8,537","14,155","3,323",,"4,363","20,891","7,611","9,881","-2,179","-29,751","-9,390",2.25,0.90,,"84,121","14,519",,179,"98,819","18,517","27,031","90,306","144,866","143,440",1.50,1.39
PACE,02Feb2022,Mountain,N,"150,775","145,624","142,382","-3,242","83,144","34,513",,,897,"7,673","12,852","3,303",,"1,095","25,465","2,400","6,530",-335,"-29,255","-9,142",2.24,0.90,,"84,561","14,110",,165,"98,835","19,857","24,578","94,114","142,382","145,624",1.53,1.42
PACE,03Feb2022,Mountain,N,"149,944","142,832","163,623","20,791","78,774","34,165",,,843,"9,241","37,299","3,301",,"5,115","24,344","4,776","8,902","-1,860","-21,251",765,2.24,0.90,,"79,878","13,907",,338,"94,122","10,258","25,709","78,672","163,623","142,832",1.27,1.21
PACE,04Feb2022,Mountain,N,"151,697","141,257","171,275","30,018","65,461","33,735",,,788,"10,249","57,741","3,301",,"5,235","19,502","7,402","8,422","-1,530","-7,504","-1,509",2.23,0.90,,"66,279","13,722",,480,"80,481","4,627","19,943","65,165","171,275","141,257",1.04,1.02
PACE,05Feb2022,Mountain,N,"142,456","138,656","161,431","22,775","60,471","32,767",,,777,"10,204","53,901","3,311",,"3,043","23,779","7,398","8,844",-9,"-12,264","-8,016",2.24,0.90,,"61,504","13,381",,454,"75,339","9,333","21,252","63,420","161,431","138,656",1.03,1.01
PACE,06Feb2022,Mountain,N,"140,093","131,069","143,481","12,412","60,152","32,620",,,812,"10,732","35,885","3,280",,"2,505","26,356","3,499","6,745",-661,"-15,343","-10,689",2.24,0.90,,"61,223","13,322",,338,"74,882","13,708","22,375","66,216","143,481","131,069",1.15,1.11
PACE,07Feb2022,Mountain,N,"146,281","141,396","167,228","25,832","63,139","33,378",,,837,"10,718","55,882","3,274",,"2,864","25,038","5,626","7,857",607,"-8,202","-7,958",2.24,0.90,,"64,224","13,615",,471,"78,310","7,914","20,756","65,468","167,228","141,396",1.03,1.02
PACE,08Feb2022,Mountain,N,"146,824","141,256","157,696","16,440","61,134","33,284",,,893,"10,789","48,361","3,235",,"1,160","30,354","5,746","7,725",-711,"-14,263","-13,571",2.25,0.91,,"62,299","13,691",,422,"76,411","13,748","23,029","67,130","157,696","141,256",1.07,1.05
PACE,09Feb2022,Mountain,N,"144,591","139,237","160,427","21,190","70,950","33,365",,,924,"9,656","42,227","3,305",,"4,018","29,048","6,510","8,071","-1,291","-16,159","-9,007",2.24,0.90,,"72,110","13,687",,374,"86,171","12,423","25,829","72,764","160,427","139,237",1.18,1.15
PACE,10Feb2022,Mountain,N,"142,721","141,558","163,945","22,387","61,553","33,704",,,905,"10,338","54,218","3,227",,"1,591","28,498","5,813","7,868",88,"-9,255","-12,216",2.24,0.90,,"62,554","13,828",,458,"76,840","11,097","21,949","65,988","163,945","141,558",1.03,1.03
PACE,11Feb2022,Mountain,N,"141,588","136,388","145,978","9,590","66,721","35,629",,,933,"10,945","28,555","3,195",,"1,731","32,249","3,688","8,760",693,"-20,755","-16,776",2.25,0.90,,"67,980","14,617",,291,"82,887","19,064","26,647","75,305","145,978","136,388",1.25,1.22
PACE,12Feb2022,Mountain,N,"139,941","133,919","150,934","17,015","59,735","31,899",,,942,"11,057","44,068","3,233",,"1,122","27,446","3,754","6,550",-785,"-13,713","-7,359",2.24,0.90,,"60,651","12,976",,395,"74,021","11,187","20,615","64,594","150,934","133,919",1.08,1.06
PACE,13Feb2022,Mountain,N,"136,199","129,947","149,486","19,539","54,915","31,002",,,890,"11,736","47,759","3,184",,32,"29,182","3,721","6,860",-337,"-15,326","-4,593",2.24,0.90,,"55,813","12,634",,423,"68,870","9,793","20,690","57,973","149,486","129,947",1.02,0.98
PACE,14Feb2022,Mountain,N,"141,223","135,718","151,494","15,776","61,522","29,173",,,885,"9,423","47,365","3,126",,961,"25,258","3,645","6,769",-813,"-18,214","-1,830",2.25,0.90,,"62,684","11,903",,405,"74,991","9,840","20,034","64,797","151,494","135,718",1.09,1.05
PACE,15Feb2022,Mountain,N,"142,072","137,424","135,907","-1,517","57,657","31,747",,,939,"6,520","35,865","3,179",,-864,"20,367","3,459","3,019","-2,309","-14,470","-10,719",2.25,0.90,,"58,849","13,009",,310,"72,167","13,477","15,224","70,420","135,907","137,424",1.17,1.13
PACE,16Feb2022,Mountain,N,"144,105","141,473","116,175","-25,298","61,050","33,421",,,905,"5,011","12,615","3,173",,"-1,018","15,144","2,889","2,614","-2,134","-27,246","-15,547",2.25,0.90,,"62,214","13,719",,145,"76,078","22,173","14,492","83,759","116,175","141,473",1.44,1.31
PACE,17Feb2022,Mountain,N,"142,735","139,210","149,097","9,887","57,658","31,218",,,901,"11,540","45,091","2,689",,"2,209","18,928","5,304","7,052","-1,107","-14,947","-7,552",2.24,0.90,,"58,525","12,742",,401,"71,669","11,411","17,038","66,041","149,097","139,210",1.06,1.05
PACE,18Feb2022,Mountain,N,"142,147","135,338","165,774","30,436","69,399","30,743",,,888,"12,079","50,079","2,586",,"4,656","27,808","5,442","9,964",-496,"-8,815","-8,123",2.24,0.90,,"70,355","12,558",,437,"83,351","8,723","24,640","67,433","165,774","135,338",1.11,1.10
PACE,19Feb2022,Mountain,N,"134,520","129,057","154,095","25,038","56,134","24,705",,,957,"12,269","57,454","2,576",,"2,557","25,699","2,721","8,241",-434,"-6,511","-7,235",2.24,0.90,,"56,961","10,128",,488,"67,577","7,140","18,762","55,956","154,095","129,057",0.97,0.96
PACE,20Feb2022,Mountain,N,"133,686","131,027","155,464","24,437","59,700","26,584",,,919,"10,092","55,608","2,561",,705,"28,586","3,432","8,710",328,"-8,005","-9,319",2.24,0.91,,"60,730","10,993",,461,"72,184","9,113","21,627","59,669","155,464","131,027",1.02,1.00
PACE,21Feb2022,Mountain,N,"145,508","140,065","144,404","4,339","70,491","30,670",,,930,"3,713","36,015","2,585",,"-2,910","30,746","1,033","6,442",-78,"-17,664","-13,230",2.24,0.91,,"71,670","12,684",,288,"84,642","15,618","23,663","76,597","144,404","140,065",1.29,1.21
PACE,22Feb2022,Mountain,N,"150,765","144,065","135,488","-8,577","80,523","32,499",,,896,"5,691","13,397","2,482",,"-3,072","27,826","-2,447","6,792",722,"-26,845","-11,553",2.24,0.91,,"81,679","13,400",,150,"95,229","19,135","23,241","91,123","135,488","144,065",1.55,1.39
PACE,23Feb2022,Mountain,N,"151,939","143,004","155,454","12,450","83,137","36,388",,,847,"5,469","27,041","2,572",,"-1,409","32,805","3,506","5,831","1,123","-23,093","-6,313",2.23,0.90,,"84,138","14,851",,239,"99,228","14,143","26,976","86,394","155,454","143,004",1.41,1.33
PACE,24Feb2022,Mountain,N,"152,978","144,520","150,767","6,247","72,173","34,691",,,871,"11,156","29,214","2,662",,"-1,171","28,631","2,562","4,188",466,"-21,062","-7,367",2.23,0.90,,"72,959","14,128",,292,"87,379","14,987","22,377","79,990","150,767","144,520",1.28,1.22
PACE,25Feb2022,Mountain,N,"151,594","141,596","148,327","6,731","70,786","34,501",,,867,"12,544","26,960","2,669",,218,"27,062","3,656","4,606","-1,108","-20,169","-7,534",2.23,0.90,,"71,566","14,079",,287,"85,932","14,986","22,223","78,695","148,327","141,596",1.28,1.23
PACE,26Feb2022,Mountain,N,"143,472","134,343","164,025","29,682","58,819","32,785",,,896,"13,637","55,200","2,688",,907,"28,458","5,262","5,240",-292,"-5,840","-4,053",2.23,0.90,,"59,453","13,417",,482,"73,353","5,499","18,885","59,966","164,025","134,343",0.99,0.98
PACE,27Feb2022,Mountain,N,"140,701","131,841","148,657","16,816","50,652","30,227",,,867,"11,582","52,663","2,666",,-92,"21,927","4,925","3,812",138,"-7,089","-6,805",2.23,0.90,,"51,270","12,405",,451,"64,126","7,861","15,395","56,591","148,657","131,841",0.95,0.95
PACE,28Feb2022,Mountain,N,"144,965","139,196","155,781","16,585","48,292","31,947",,,857,"13,252","58,718","2,715",,-96,"17,092","6,916","5,803",-399,"-5,776","-6,955",2.23,0.90,,"48,949","13,110",,503,"62,563","7,159","13,792","55,931","155,781","139,196",0.89,0.89
PACE,01Mar2022,Mountain,N,"141,115","132,013","154,081","22,068","55,005","30,835",,,902,"13,086","51,494","2,759",,"1,800","19,634","6,447","6,472","1,230","-7,919","-5,596",2.23,0.90,,"55,675","12,649",,455,"68,779","6,505","16,615","58,669","154,081","132,013",0.98,0.98
PACE,02Mar2022,Mountain,N,"137,687","127,195","146,935","19,740","61,068","28,036",,,912,"12,763","42,081","2,075",,"2,379","23,559","5,917","6,994",661,"-14,123","-5,647",2.23,0.91,,"61,713","11,530",,385,"73,629","9,820","20,731","62,717","146,935","127,195",1.10,1.09
PACE,03Mar2022,Mountain,N,"133,039","131,054","130,080",-974,"62,907","28,037",,,"1,008","9,752","25,749","2,627",,552,"19,739","5,540","5,511",-512,"-23,082","-8,722",2.23,0.91,,"63,667","11,538",,261,"75,465","15,530","19,484","71,512","130,080","131,054",1.28,1.20
PACE,04Mar2022,Mountain,N,"134,028","126,678","123,252","-3,426","63,030","28,705",,,997,"7,692","20,071","2,757",,458,"21,685","3,037","6,765","-1,317","-26,982","-7,072",2.24,0.91,,"63,981","11,857",,210,"76,048","16,540","20,000","72,588","123,252","126,678",1.36,1.26
PACE,05Mar2022,Mountain,N,"133,271","125,227","113,048","-12,179","58,434","27,446",,,"1,078","5,571","18,196","2,323",,"-1,867","25,163","-1,206","3,774",-114,"-25,586","-12,343",2.24,0.91,,"59,268","11,367",,181,"70,816","19,666","19,843","70,639","113,048","125,227",1.38,1.24
PACE,06Mar2022,Mountain,N,"136,891","129,277","118,243","-11,034","63,425","28,628",,,"1,070","6,430","16,641","2,049",,-218,"24,748",328,"2,612",-374,"-25,806","-12,324",2.23,0.91,,"64,222","11,831",,174,"76,227","20,906","21,237","75,896","118,243","129,277",1.42,1.29
PACE,07Mar2022,Mountain,N,"142,676","138,073","129,531","-8,542","55,537","28,496",,,"1,091","10,419","31,656","2,332",,"1,877","15,268",-802,"3,256","-2,438","-19,488","-6,215",2.23,0.90,,"56,186","11,696",,303,"68,185","13,387","14,282","67,290","129,531","138,073",1.16,1.07
PACE,08Mar2022,Mountain,N,"145,919","141,692","145,374","3,682","62,118","28,351",,,"1,088","10,695","39,885","3,237",,"3,495","19,362","1,540","5,769","-1,043","-21,225","-4,216",2.23,0.90,,"62,841","11,610",,366,"74,817","11,171","16,756","69,232","145,374","141,692",1.13,1.08
PACE,09Mar2022,Mountain,N,"144,962","141,047","121,201","-19,846","65,333","30,286",,,"1,111","7,730","13,536","3,205",,812,"19,259","-1,109","2,021","-1,676","-28,066","-11,087",2.23,0.91,,"66,162","12,457",,170,"78,789","21,060","17,408","82,440","121,201","141,047",1.43,1.29
PACE,10Mar2022,Mountain,N,"146,447","141,689","136,854","-4,835","62,116","32,062",,,"1,087","10,485","27,895","3,209",,"2,821","16,491","-1,100","5,981","-2,118","-22,155","-4,755",2.24,0.91,,"62,983","13,192",,284,"76,459","12,985","16,155","73,289","136,854","141,689",1.23,1.14
PACE,11Mar2022,Mountain,N,"146,928","138,813","159,547","20,734","54,906","32,144",,,996,"13,260","54,961","3,280",,"2,299","22,387","2,011","6,573",-788,"-7,952","-3,796",2.23,0.91,,"55,591","13,212",,483,"69,286","6,010","16,945","58,350","159,547","138,813",0.96,0.93
PACE,12Mar2022,Mountain,N,"139,673","128,494","153,855","25,361","49,826","28,140",,,996,"13,618","57,934","3,341",,"1,777","22,048","2,326","8,206",-846,"-6,055","-2,095",2.24,0.91,,"50,568","11,589",,506,"62,662","4,349","16,136","50,876","153,855","128,494",0.90,0.87
PACE,13Mar2022,Mountain,N,"125,367","122,381","136,919","14,538","45,332","27,275",,,"1,025","7,875","52,247","3,165",,-207,"24,475",988,"6,059",261,"-9,146","-7,892",2.24,0.91,,"46,132","11,261",,428,"57,822","8,433","15,663","50,591","136,919","122,381",0.93,0.91
PACE,14Mar2022,Mountain,N,"137,626","127,866","136,891","9,025","44,281","30,125",,,"1,071","13,997","44,073","3,344",,-334,"21,421","1,978","5,923","-2,820","-11,254","-5,889",2.24,0.91,,"44,986","12,436",,416,"57,838","9,701","14,093","53,446","136,891","127,866",0.93,0.92
PACE,15Mar2022,Mountain,N,"132,830","127,901","146,742","18,841","44,788","27,628",,,"1,128","12,537","57,408","3,253",,732,"20,700","1,774","6,172","-1,701","-7,584","-1,252",2.23,0.91,,"45,366","11,374",,495,"57,235","6,251","14,104","49,382","146,742","127,901",0.86,0.85
PACE,16Mar2022,Mountain,N,"133,406","131,010","108,588","-22,422","42,850","27,398",,,"1,078","6,298","27,630","3,334",,-101,"13,861",-620,"2,220","-2,933","-23,585","-11,264",2.24,0.91,,"43,489","11,322",,255,"55,066","18,354","10,171","63,249","108,588","131,010",1.12,1.06
PACE,17Mar2022,Mountain,N,"135,705","125,877","102,870","-23,007","49,658","26,329",,,"1,085","12,648","9,942","3,208",,43,"19,228",-873,"5,561","-3,374","-29,824","-13,768",2.24,0.91,,"50,356","10,884",,179,"61,418","24,251","14,807","70,863","102,870","125,877",1.32,1.24
PACE,18Mar2022,Mountain,N,"134,173","125,683","129,171","3,488","48,037","23,952",,,"1,087","14,729","38,130","3,236",,"1,351","20,426","1,789","5,665","-2,163","-18,027","-5,553",2.23,0.91,,"48,639","9,869",,381,"58,889","12,163","14,107","56,944","129,171","125,683",1.01,1.00
PACE,19Mar2022,Mountain,N,"126,229","122,493","130,203","7,710","53,293","23,068",,,"1,098","7,833","41,537","3,374",,802,"23,647",850,"2,650",-85,"-13,028","-7,126",2.23,0.91,,"53,789","9,492",,359,"63,640","10,409","14,829","59,220","130,203","122,493",1.08,1.07
PACE,20Mar2022,Mountain,N,"129,063","127,130","108,551","-18,579","43,678","22,531",,,"1,035","6,223","31,697","3,387",,"-4,627","19,803",-481,"-1,677","-1,296","-14,782","-15,519",2.24,0.91,,"44,309","9,333",,282,"53,924","18,261","10,885","61,301","108,551","127,130",1.10,1.06
PACE,21Mar2022,Mountain,N,"135,720","135,376","124,489","-10,887","59,671","23,021",,,"1,070","15,038","22,428","3,261",,-647,"19,164","1,119","4,568","-2,703","-18,206","-14,182",2.24,0.91,,"60,515","9,522",,278,"70,315","17,563","14,953","72,924","124,489","135,376",1.25,1.19
PACE,22Mar2022,Mountain,N,"134,423","130,991","130,195",-796,"56,341","24,449",,,"1,076","11,371","34,059","2,899",,-115,"20,121","1,300","5,510","-1,405","-19,743","-6,464",2.24,0.91,,"57,243","10,111",,329,"67,682","13,349","15,637","65,394","130,195","130,991",1.15,1.10
PACE,23Mar2022,Mountain,N,"132,981","131,849","127,828","-4,021","53,732","23,560",,,"1,037","15,778","31,103","2,618",,357,"20,614","1,581","7,149","-2,125","-21,490","-10,107",2.24,0.91,,"54,546","9,719",,337,"64,601","16,171","16,491","64,282","127,828","131,849",1.11,1.07
PACE,24Mar2022,Mountain,N,"132,423","122,807","142,023","19,216","53,564","23,135",,,"1,042","15,237","45,724","3,321",,"2,527","24,530","2,136","8,193","-1,918","-14,603","-1,649",2.23,0.91,,"54,257","9,505",,435,"64,197","8,708","19,087","53,819","142,023","122,807",1.00,0.97
PACE,25Mar2022,Mountain,N,"129,750","120,961","120,965",4,"68,027","17,585",,,"1,052","14,366","16,690","3,245",,"2,288","22,095","1,759","7,759","-1,940","-26,674","-5,283",2.23,0.91,,"68,882","7,221",,235,"76,338","17,559","21,646","72,251","120,965","120,961",1.39,1.32
PACE,26Mar2022,Mountain,N,"125,832","120,501","117,212","-3,289","60,248","16,302",,,"1,143","12,366","23,953","3,200",,371,"25,574",747,"4,059",-740,"-24,697","-8,603",2.23,0.91,,"60,955","6,710",,271,"67,937","18,493","19,738","66,692","117,212","120,501",1.28,1.22
PACE,27Mar2022,Mountain,N,"126,488","120,142","112,743","-7,399","62,506","15,116",,,"1,197","11,847","18,932","3,145",,"-3,591","34,285",786,"2,744",251,"-26,354","-15,520",2.24,0.91,,"63,466","6,227",,234,"69,927","25,393","24,707","70,613","112,743","120,142",1.37,1.30
PACE,28Mar2022,Mountain,N,"129,733","123,333","149,266","25,933","75,634","15,523",,,"1,405","8,623","44,867","3,214",,-156,"34,208","2,630","9,778","-1,217","-14,467","-4,843",2.24,0.91,,"76,818","6,403",,387,"83,608","10,344","26,258","67,694","149,266","123,333",1.23,1.21
PACE,29Mar2022,Mountain,N,"131,663","129,424","124,296","-5,128","56,886","18,916",,,"1,427","8,560","35,616","2,891",,"-5,573","20,410","1,535","4,362","-1,667","-12,587","-11,608",2.24,0.91,,"57,897","7,813",,323,"66,033","14,050","15,038","65,045","124,296","129,424",1.17,1.11
PACE,30Mar2022,Mountain,N,"131,873","126,247","125,877",-370,"54,331","20,225",,,"1,511","14,145","33,865","1,800",,"-1,022","15,994","2,941","6,072","-2,795","-11,435","-10,125",2.24,0.91,,"55,211","8,334",,342,"63,887","11,597","13,969","61,515","125,877","126,247",1.12,1.07
PACE,31Mar2022,Mountain,N,"131,009","124,515","124,691",176,"58,499","22,223",,,"1,521","8,352","32,466","1,630",,996,"12,319","8,940","1,705","-2,603","-17,065","-4,116",2.23,0.90,,"59,254","9,109",,293,"68,656","9,940","13,571","65,025","124,691","124,515",1.21,1.15
PACE,01Apr2022,Mountain,N,"128,525","116,836","117,146",310,"50,588","22,512",,,"1,651","15,035","25,796","1,564",,-402,"21,897","5,190","3,372","-3,278","-22,132","-4,337",2.24,0.91,,"51,328","9,260",,293,"60,881","13,306","16,917","57,270","117,146","116,836",1.15,1.08
PACE,02Apr2022,Mountain,N,"120,558","112,038","117,985","5,947","37,907","19,526",,,"1,583","13,940","43,112","1,917",,104,"14,719","8,910","4,550","-2,824","-19,441",-71,2.23,0.90,,"38,419","8,014",,403,"46,837","8,853","13,384","42,306","117,985","112,038",0.88,0.83
PACE,03Apr2022,Mountain,N,"120,569","110,123","100,579","-9,544","43,282","20,520",,,"1,649","10,485","22,144","2,499",,"-1,133","21,537","2,610","4,998","-1,813","-24,891","-10,852",2.24,0.91,,"43,978","8,437",,245,"52,660","18,450","16,570","54,541","100,579","110,123",1.15,1.09
PACE,04Apr2022,Mountain,N,"126,156","122,583","139,947","17,364","59,972","19,316",,,"1,688","9,169","47,044","2,758",,"2,209","21,419","8,600","6,819","-1,431","-15,530","-4,722",2.24,0.90,,"60,837","7,928",,404,"69,168","9,005","19,757","58,417","139,947","122,583",1.09,1.05
PACE,05Apr2022,Mountain,N,"128,787","126,486","139,811","13,325","45,951","20,761",,,"1,785","12,180","56,197","2,937",,-159,"19,156","6,847","8,276",658,"-12,005","-9,448",2.24,0.91,,"46,722","8,530",,487,"55,739","9,187","16,152","48,774","139,811","126,486",0.88,0.85
PACE,06Apr2022,Mountain,N,"129,137","122,594","148,845","26,251","51,885","21,764",,,"1,898","15,566","54,753","2,979",,"2,394","25,592","3,600","10,236",735,"-9,332","-6,974",2.24,0.91,,"52,820","8,957",,501,"62,278","7,283","19,056","50,505","148,845","122,594",0.92,0.91
PACE,07Apr2022,Mountain,N,"129,573","119,922","141,612","21,690","57,402","22,983",,,"1,855","14,845","41,585","2,942",,"3,791","24,916","3,750","10,485",-67,"-12,469","-8,716",2.24,0.91,,"58,443","9,453",,408,"68,304","10,317","21,296","57,325","141,612","119,922",1.06,1.05
PACE,08Apr2022,Mountain,N,"129,593","119,625","128,343","8,718","58,992","17,060",,,"1,718","14,772","32,748","3,053",,"7,189","18,901","-2,688","13,390",-553,"-23,914","-3,607",2.24,0.90,,"59,974","6,991",,348,"67,312","12,380","20,150","59,543","128,343","119,625",1.16,1.10
PACE,09Apr2022,Mountain,N,"123,993","121,838","132,388","10,550","42,393","21,144",,,"1,628","12,125","52,138","2,960",,"2,327","15,201",521,"10,702",799,"-12,888","-6,112",2.24,0.91,,"43,154","8,684",,459,"52,297","7,921","13,760","46,458","132,388","121,838",0.87,0.84
PACE,10Apr2022,Mountain,N,"124,009","120,546","124,900","4,354","47,938","22,939",,,"1,642","12,840","36,508","3,033",,-100,"22,072","4,993","7,843",-190,"-15,433","-14,831",2.25,0.91,,"48,827","9,423",,360,"58,610","15,431","19,243","54,798","124,900","120,546",1.03,1.00
PACE,11Apr2022,Mountain,N,"132,716","129,727","139,457","9,730","61,771","27,005",,,"1,676","12,124","33,866","3,015",,"1,052","28,516","5,218","6,288",343,"-19,338","-12,349",2.24,0.90,,"62,780","11,060",,338,"74,178","15,025","22,599","66,604","139,457","129,727",1.17,1.13
PACE,12Apr2022,Mountain,N,"134,960","132,215","152,148","19,933","59,252","26,780",,,"1,641","10,896","50,485","3,094",,-324,"34,807","5,027","5,397","1,593","-10,882","-15,685",2.24,0.91,,"60,296","11,000",,440,"71,737","13,468","23,008","62,197","152,148","132,215",1.04,1.04
PACE,13Apr2022,Mountain,N,"137,661","131,177","139,536","8,359","58,706","28,426",,,"1,588","13,775","33,917","3,124",,"-2,257","34,926","3,755","3,222",618,"-16,630","-15,275",2.24,0.90,,"59,697","11,662",,349,"71,708","18,177","22,910","66,974","139,536","131,177",1.13,1.13
PACE,14Apr2022,Mountain,N,"135,377","127,741","140,210","12,469","64,789","22,165",,,"1,667","12,374","36,152","3,063",,-60,"38,629","1,618","1,627","2,499","-18,669","-13,175",2.24,0.90,,"65,884","9,096",,355,"75,334","17,492","24,509","68,317","140,210","127,741",1.18,1.18
PACE,15Apr2022,Mountain,N,"135,797","125,609","129,339","3,730","63,671","21,823",,,"1,756","13,718","25,328","3,043",,"-2,699","36,235","2,950","3,019","3,454","-21,840","-17,389",2.24,0.91,,"64,712","8,966",,292,"73,970","22,314","26,452","69,832","129,339","125,609",1.26,1.23
PACE,16Apr2022,Mountain,N,"125,554","120,868","129,733","8,865","60,372","21,593",,,"1,841","9,380","33,476","3,071",,"-2,929","33,424","1,585","3,321","3,140","-17,639","-12,037",2.24,0.90,,"61,370","8,864",,318,"70,552","15,560","23,115","62,997","129,733","120,868",1.20,1.15
PACE,17Apr2022,Mountain,N,"123,102","114,610","138,984","24,374","51,982","20,674",,,"1,898","15,414","46,003","3,013",,"-4,257","34,162","4,878","6,340","2,642","-11,542","-7,849",2.24,0.90,,"52,730","8,463",,442,"61,635","10,230","21,646","50,218","138,984","114,610",0.98,0.97
PACE,18Apr2022,Mountain,N,"130,185","116,961","125,553","8,592","60,568","22,463",,,"1,826","14,850","22,952","2,894",,"-3,029","28,193","4,897","5,010",521,"-19,753","-7,247",2.24,0.91,,"61,537","9,233",,283,"71,054","13,815","21,355","63,514","125,553","116,961",1.25,1.20
PACE,19Apr2022,Mountain,N,"130,495","118,196","144,048","25,852","60,403","22,708",,,"1,804","10,854","45,159","3,120",,240,"35,815","7,475","5,987",420,"-14,854","-9,231",2.24,0.91,,"61,506","9,364",,406,"71,275","11,412","25,061","57,626","144,048","118,196",1.09,1.07
PACE,20Apr2022,Mountain,N,"128,505","115,970","140,479","24,509","49,633","27,843",,,"2,031","15,306","42,390","3,276",,"-1,286","39,277","2,773","4,942","2,879","-12,045","-12,031",2.24,0.91,,"50,530","11,449",,420,"62,399","12,415","22,761","52,054","140,479","115,970",0.98,0.99
PACE,21Apr2022,Mountain,N,"129,468","117,998","145,258","27,260","57,403","28,462",,,"2,216","14,525","39,433","3,219",,"1,219","40,824","4,292","4,378","1,907","-13,366","-11,994",2.24,0.91,,"58,390","11,704",,396,"70,490","13,096","26,514","57,072","145,258","117,998",1.07,1.07
PACE,22Apr2022,Mountain,N,"132,282","119,371","133,409","14,038","62,306","32,048",,,"2,314","6,469","26,977","3,295",,-88,"33,966","4,756","5,044","1,262","-17,815","-13,087",2.24,0.91,,"63,431","13,187",,260,"76,878","15,940","26,484","66,335","133,409","119,371",1.27,1.23
PACE,23Apr2022,Mountain,N,"123,904","113,849","144,264","30,415","48,352","31,527",,,"2,418","10,309","48,639","3,019",,"-1,038","33,668","5,416","7,342","4,534","-7,367","-12,140",2.25,0.91,,"49,267","12,976",,429,"62,672","10,282","23,760","49,193","144,264","113,849",0.96,0.95
PACE,24Apr2022,Mountain,N,"123,630","106,970","127,965","20,995","53,583","29,505",,,"2,600","13,140","26,472","2,665",,"1,194","36,606","1,877","6,059","4,362","-16,224","-12,879",2.25,0.91,,"54,571","12,129",,299,"66,998","15,747","27,374","55,372","127,965","106,970",1.15,1.14
PACE,25Apr2022,Mountain,N,"130,311","112,241","127,417","15,176","67,954","32,290",,,"2,482","13,017","8,651","3,023",,"2,341","30,431","3,296","8,260","1,844","-23,369","-7,627",2.24,0.90,,"69,191","13,242",,181,"82,614","15,596","28,757","69,453","127,417","112,241",1.43,1.36
PACE,26Apr2022,Mountain,N,"130,801","115,409","134,173","18,764","59,431","30,608",,,"2,302","9,489","29,206","3,137",,"2,093","29,965","5,258","8,091","2,143","-19,662","-9,124",2.24,0.90,,"60,516","12,542",,294,"73,352","13,300","25,861","60,790","134,173","115,409",1.21,1.16
PACE,27Apr2022,Mountain,N,"128,487","116,153","125,505","9,352","54,648","29,325",,,"2,307","14,293","21,834","3,098",,780,"33,106","-2,205","6,832","2,812","-22,437","-9,536",2.25,0.91,,"55,717","12,048",,277,"68,042","16,713","24,105","60,650","125,505","116,153",1.20,1.15
PACE,28Apr2022,Mountain,N,"128,555","116,152","122,217","6,065","54,050","31,987",,,"2,288","12,356","18,398","3,138",,"-1,018","33,510",-764,"5,647","2,540","-21,969","-11,881",2.24,0.91,,"55,035","13,158",,241,"68,434","18,355","24,321","62,468","122,217","116,152",1.23,1.19
PACE,29Apr2022,Mountain,N,"130,155","114,269","153,690","39,421","57,630","30,361",,,"2,447","16,134","44,684","2,434",,686,"39,103","5,869","7,982","6,937","-10,478","-10,678",2.25,0.91,,"58,698","12,491",,438,"71,627","10,893","28,806","53,713","153,690","114,269",1.03,1.04
PACE,30Apr2022,Mountain,N,"123,145","107,018","129,439","22,421","53,567","29,035",,,"2,401","16,389","27,220",827,,462,"35,632","5,913","7,297","3,439","-17,893","-12,429",2.24,0.90,,"54,490","11,914",,312,"66,715","15,264","27,856","54,123","129,439","107,018",1.14,1.11
PACE,01May2022,Mountain,N,"124,058","105,828","135,159","29,331","53,984","28,598",,,"2,418","11,345","37,623","1,191",,921,"33,509","5,210","7,327","3,369","-14,105","-6,900",2.24,0.90,,"54,829","11,737",,350,"66,915","10,283","26,540","50,659","135,159","105,828",1.09,1.06
PACE,02May2022,Mountain,N,"132,637","115,712","145,747","30,035","57,571","31,862",,,"2,308","16,217","36,092","1,697",,"2,789","31,104","5,552","10,704","1,486","-16,514","-5,086",2.24,0.90,,"58,578","13,064",,375,"72,018","9,583","26,574","55,027","145,747","115,712",1.09,1.05
PACE,03May2022,Mountain,N,"132,496","119,910","140,080","20,170","60,378","30,850",,,"2,251","12,371","32,428","1,802",,"3,450","24,701","4,537","10,111",692,"-20,582","-2,739",2.24,0.90,,"61,407","12,600",,325,"74,332","9,298","23,300","60,330","140,080","119,910",1.17,1.11
PACE,04May2022,Mountain,N,"130,959","117,912","132,015","14,103","63,563","36,491",,,"2,270","12,485","14,032","3,174",,"2,130","23,393","6,361","10,002",126,"-23,207","-4,702",2.24,0.90,,"64,608","14,908",,213,"79,729","12,433","24,994","67,168","132,015","117,912",1.33,1.26
PACE,05May2022,Mountain,N,"132,114","118,466","141,587","23,121","53,503","35,160",,,"2,296","14,541","32,861","3,226",,"2,419","18,585","10,051","10,441",167,"-18,699",157,2.24,0.90,,"54,375","14,385",,353,"69,112","7,358","20,735","55,735","141,587","118,466",1.08,1.04
PACE,06May2022,Mountain,N,"132,344","122,783","156,301","33,518","54,268","29,359",,,"2,404","16,145","50,947","3,178",,"2,683","21,562","8,152","10,867",329,"-11,148","1,073",2.24,0.90,,"55,074","12,010",,484,"67,567","3,218","19,380","51,405","156,301","122,783",0.95,0.92
PACE,07May2022,Mountain,N,"122,476","116,033","142,044","26,011","50,558","25,922",,,"2,462","14,263","45,628","3,211",,"3,020","18,681","9,927","10,998","1,821","-13,068","-5,368",2.24,0.91,,"51,364","10,644",,437,"62,444","7,300","20,789","48,955","142,044","116,033",0.97,0.93
PACE,08May2022,Mountain,N,"121,534","108,453","112,455","4,002","56,255","16,926",,,"2,529","15,022","18,428","3,295",,"1,239","18,225","5,138","8,004","1,438","-20,140","-9,902",2.24,0.90,,"57,094","6,938",,262,"64,294","13,658","20,893","57,059","112,455","108,453",1.26,1.16
PACE,09May2022,Mountain,N,"132,695","118,596","133,085","14,489","46,909","17,784",,,"2,600","17,268","45,206","3,318",,"1,913","17,827","2,151","10,526","1,352","-13,045","-6,235",2.24,0.90,,"47,632","7,278",,456,"55,366","8,709","16,035","48,039","133,085","118,596",0.92,0.89
PACE,10May2022,Mountain,N,"129,006","117,662","113,554","-4,108","49,907","18,894",,,"2,801","14,186","24,440","3,326",,399,"15,489","-1,405","6,256","1,238","-17,644","-8,441",2.24,0.90,,"50,635","7,722",,298,"58,655","12,512","14,394","56,774","113,554","117,662",1.14,1.06
PACE,11May2022,Mountain,N,"128,560","116,632","124,448","7,816","57,299","22,022",,,"2,994","17,665","21,160","3,308",,"2,110","24,366",14,"9,246","1,869","-20,913","-8,876",2.24,0.90,,"58,155","9,003",,301,"67,458","14,236","21,624","60,069","124,448","116,632",1.20,1.14
PACE,12May2022,Mountain,N,"128,971","114,369","145,365","30,996","55,787","21,656",,,"3,432","15,264","45,866","3,360",,"2,380","29,312","4,651","11,765","1,964","-11,941","-7,135",2.24,0.90,,"56,665","8,866",,452,"65,983","9,071","23,357","51,698","145,365","114,369",1.00,1.00
PACE,13May2022,Mountain,N,"126,208","118,198","159,807","41,609","53,776","22,000",,,"3,952","17,580","59,246","3,253",,"4,511","27,276","7,862","11,461",-920,"-6,114","-2,467",2.24,0.90,,"54,533","8,979",,560,"64,072","3,903","20,986","46,989","159,807","118,198",0.88,0.88
PACE,14May2022,Mountain,N,"121,661","110,445","158,113","47,668","70,428","20,502",,,"4,155","17,266","42,518","3,244",,"4,680","31,265","9,797","12,017",-439,"-13,729","4,077",2.23,0.90,,"71,296","8,372",,448,"80,116","6,021","31,305","54,833","158,113","110,445",1.12,1.09
PACE,15May2022,Mountain,N,"128,721","114,673","123,353","8,680","61,374","24,658",,,"4,141","16,687","13,233","3,260",,"2,772","22,308","6,042","9,287","-2,185","-21,886","-7,658",2.24,0.90,,"62,234","10,098",,249,"72,581","15,124","23,183","64,523","123,353","114,673",1.30,1.24
PACE,16May2022,Mountain,N,"140,527","129,943","113,484","-16,459","52,597","24,298",,,"4,099","16,030","13,371","3,089",,321,"10,604","4,748","4,724","-4,113","-21,789","-10,954",2.23,0.90,,"53,311","9,930",,244,"63,485","16,350","12,049","67,786","113,484","129,943",1.23,1.15
PACE,17May2022,Mountain,N,"137,988","129,248","122,124","-7,124","58,735","24,488",,,"4,041","12,847","19,407","2,606",,41,"17,584","4,777","4,906","-2,505","-19,714","-12,213",2.24,0.90,,"59,608","10,038",,259,"69,905","15,866","16,635","69,136","122,124","129,248",1.26,1.18
PACE,18May2022,Mountain,N,"138,175","127,860","145,314","17,454","65,377","24,906",,,"4,076","15,651","32,996","2,308",,"3,414","21,994","7,236","5,877","-1,306","-18,228","-1,533",2.23,0.90,,"66,272","10,166",,367,"76,804","8,561","21,150","64,215","145,314","127,860",1.17,1.11
PACE,19May2022,Mountain,N,"131,960","128,999","147,646","18,647","58,311","21,933",,,"4,156","12,156","47,943","3,147",,"5,889","17,833","4,851","6,445","-2,354","-13,056",-961,2.24,0.90,,"59,270","8,984",,449,"68,703","5,559","16,403","57,859","147,646","128,999",1.03,0.99
PACE,20May2022,Mountain,N,"127,791","121,709","129,459","7,750","52,696","22,070",,,"4,249","14,803","32,183","3,458",,"2,544","23,287","2,270","7,141","-2,343","-17,968","-7,181",2.24,0.90,,"53,649","9,044",,364,"63,057","11,433","17,549","56,940","129,459","121,709",1.07,1.03
PACE,21May2022,Mountain,N,"121,036","113,145","110,686","-2,459","58,296","22,293",,,"4,349","16,351","6,012","3,385",,-111,"21,429","1,389","7,245","-2,810","-19,035","-10,566",2.24,0.91,,"59,287","9,157",,200,"68,645","16,706","20,778","64,574","110,686","113,145",1.37,1.26
PACE,22May2022,Mountain,N,"118,253","112,107","125,048","12,941","58,733","22,524",,,"4,310","15,864","21,140","2,477",,"1,297","24,163","3,597","8,610","-1,336","-17,630","-5,760",2.24,0.91,,"59,610","9,257",,292,"69,158","11,569","22,669","58,059","125,048","112,107",1.22,1.14
PACE,23May2022,Mountain,N,"129,273","117,444","129,714","12,270","75,746","22,378",,,"4,313","14,194","11,019","2,064",,"5,207","20,818","4,673","9,437","-4,676","-20,010","-3,179",2.24,0.91,,"76,805","9,199",,210,"86,214","12,853","26,063","73,004","129,714","117,444",1.47,1.37
PACE,24May2022,Mountain,N,"127,560","121,432","131,921","10,489","76,504","24,505",,,"4,301","17,295","7,226","2,090",,"4,452","19,883","4,227","8,412","-3,929","-19,522","-3,034",2.24,0.91,,"77,614","10,082",,206,"87,902","11,840","23,386","76,356","131,921","121,432",1.47,1.39
PACE,25May2022,Mountain,N,"135,815","131,175","142,388","11,213","72,956","24,800",,,"4,276","18,556","19,857","1,943",,"3,757","21,805","7,582","6,662","-2,876","-16,349","-9,368",2.24,0.91,,"74,129","10,210",,297,"84,636","12,571","22,677","74,530","142,388","131,175",1.31,1.25
PACE,26May2022,Mountain,N,"145,845","136,849","145,690","8,841","79,084","27,095",,,"4,388","17,675","15,024","2,424",,"5,630","18,479","2,629","8,981","-3,974","-19,271","-3,633",2.24,0.90,,"80,238","11,122",,263,"91,622","12,066","22,058","81,630","145,690","136,849",1.39,1.32
PACE,27May2022,Mountain,N,"145,548","140,408","145,795","5,387","68,938","24,232",,,"4,606","13,619","31,298","3,102",,"2,342","13,596","6,733","5,986","-4,053","-14,291","-4,926",2.23,0.91,,"69,848","9,953",,351,"80,151","10,168","16,424","73,896","145,795","140,408",1.21,1.16
PACE,28May2022,Mountain,N,"127,947","124,290","131,346","7,056","58,950","23,861",,,"4,764","11,782","28,771","3,218",,"2,274","13,868","7,196","5,265","-3,040","-11,463","-7,044",2.24,0.91,,"59,848","9,814",,323,"69,985","9,719","15,958","63,746","131,346","124,290",1.17,1.13
PACE,29May2022,Mountain,N,"120,199","117,832","110,062","-7,770","47,607","22,666",,,"4,974","12,476","19,008","3,331",,"1,487","3,495","5,473","4,806","-4,741","-6,431","-11,859",2.24,0.91,,"48,327","9,314",,265,"57,907","10,811","10,465","58,253","110,062","117,832",1.16,1.09
PACE,30May2022,Mountain,N,"116,931","118,034","129,447","11,413","43,822","22,666",,,"4,972","13,767","40,899","3,321",,"2,140","15,476","6,362","7,639","-2,656","-8,028","-9,520",2.24,0.91,,"44,559","9,313",,419,"54,291","8,815","14,595","48,511","129,447","118,034",0.92,0.91
PACE,31May2022,Mountain,N,"127,687","119,718","134,143","14,425","73,472","22,416",,,"4,718","14,731","15,456","3,350",,"6,282","19,685","6,197","9,132","-3,395","-14,185","-9,291",2.24,0.90,,"74,701","9,196",,255,"84,152","12,287","24,945","71,495","134,143","119,718",1.38,1.32
PACE,01Jun2022,Mountain,N,"133,651","123,019","125,424","2,405","65,086","29,368",,,"4,696","18,670","4,300","3,304",,"3,567","13,198","7,103","10,147","-5,312","-14,398","-11,900",2.24,0.91,,"66,070","12,056",,206,"78,333","16,072","20,738","73,667","125,424","123,019",1.38,1.32
PACE,02Jun2022,Mountain,N,"140,615","125,247","135,896","10,649","71,940","31,329",,,"4,708","18,134","6,557","3,228",,"6,852","15,145","9,250","11,165","-4,326","-21,311","-6,126",2.23,0.90,,"72,850","12,840",,217,"85,907","15,073","25,580","75,401","135,896","125,247",1.39,1.33
PACE,03Jun2022,Mountain,N,"145,225","135,590","133,387","-2,203","66,323","27,478",,,"4,822","15,652","15,929","3,183",,"4,734","9,070","7,104","9,383","-3,960","-18,875","-9,659",2.23,0.90,,"67,083","11,266",,264,"78,613","14,775","17,659","75,728","133,387","135,590",1.30,1.23
PACE,04Jun2022,Mountain,N,"139,317","128,774","113,383","-15,391","56,984","27,292",,,"4,717","10,934","10,245","3,211",,"1,987","3,647","5,160","5,816","-6,233","-16,655","-9,113",2.23,0.91,,"57,586","11,213",,194,"68,993","16,112","12,627","72,478","113,383","128,774",1.34,1.24
PACE,05Jun2022,Mountain,N,"137,343","128,990","127,816","-1,174","52,050","27,074",,,"4,535","14,821","26,075","3,261",,980,"1,507","7,505","6,055","-6,487","-7,004","-3,730",2.23,0.91,,"52,676","11,135",,324,"64,135","7,382","10,474","61,043","127,816","128,990",1.11,1.04
PACE,06Jun2022,Mountain,N,"142,425","142,441","149,255","6,814","62,160","26,249",,,"4,476","16,826","36,296","3,248",,"3,859","-2,817","10,352","9,749","-3,882","-6,390","-4,057",2.23,0.90,,"62,844","10,753",,405,"74,002","6,095","12,233","67,864","149,255","142,441",1.09,1.05
PACE,07Jun2022,Mountain,N,"142,283","144,612","147,246","2,634","75,717","27,871",,,"4,588","18,202","17,668","3,200",,"5,241","2,683","7,195","12,148","-3,642","-10,387","-10,604",2.23,0.90,,"76,567","11,412",,291,"88,270","11,408","16,590","83,089","147,246","144,612",1.32,1.27
PACE,08Jun2022,Mountain,N,"151,533","149,919","124,582","-25,337","67,966","27,260",,,"4,527","15,924","5,844","3,061",,"2,811","-4,795","3,879","7,174","-3,830","-12,849","-17,727",2.23,0.90,,"68,753","11,178",,196,"80,126","17,680","9,084","88,722","124,582","149,919",1.42,1.30
PACE,09Jun2022,Mountain,N,"157,544","155,634","146,961","-8,673","78,937","31,417",,,"4,518","16,620","12,483","2,986",,"5,055","1,557","5,661","9,221","-3,293","-12,620","-14,254",2.23,0.90,,"79,857","12,868",,244,"92,969","13,885","13,741","93,112","146,961","155,634",1.39,1.32
PACE,10Jun2022,Mountain,N,"167,583","162,130","152,360","-9,770","76,475","29,980",,,"4,475","17,885","20,561","2,984",,"5,106",-40,"4,123","7,142","-3,636","-11,719","-10,746",2.23,0.90,,"77,304","12,254",,306,"89,864","11,193","10,726","90,330","152,360","162,130",1.30,1.23
PACE,11Jun2022,Mountain,N,"161,135","161,710","155,628","-6,082","75,548","28,113",,,"4,416","17,458","27,183","2,910",,"4,510","-2,644","3,733","8,974","-3,316","-9,066","-8,273",2.23,0.90,,"76,373","11,508",,346,"88,227","7,809","9,720","86,316","155,628","161,710",1.25,1.18
PACE,12Jun2022,Mountain,N,"156,997","158,373","143,063","-15,310","70,866","27,551",,,"4,351","17,742","19,649","2,904",,"2,797","-4,562","2,862","7,476","-3,969","-11,233","-8,681",2.23,0.90,,"71,747","11,289",,297,"83,333","9,573","8,234","84,673","143,063","158,373",1.28,1.18
PACE,13Jun2022,Mountain,N,"139,117","140,766","133,117","-7,649","60,207","26,739",,,"4,398","12,903","34,511","3,148",,"1,433","-5,369","6,947","8,455","-4,294","-8,203","-6,618",2.24,0.90,,"61,109","10,975",,366,"72,451","6,877","8,853","70,474","141,906","149,555",1.13,1.04
PACE,14Jun2022,Mountain,N,"131,384","133,114","135,706","2,592","43,164","24,983",,,"4,418","18,423","48,704","3,265",,-506,"3,066","8,797","9,457","-5,970","-6,573","-5,679",2.24,0.90,,"43,881","10,255",,498,"54,635","6,359","8,221","52,773","142,957","140,365",0.84,0.83
PACE,15Jun2022,Mountain,N,"134,650","135,690","135,648",-42,"53,167","26,641",,,"4,384","19,021","37,080","3,216",,-610,"8,007","7,308","7,919","-7,730","-7,249","-7,687",2.24,0.90,,"54,004","10,929",,424,"65,358","10,817","10,934","65,241","143,509","143,551",1.00,1.00
PACE,16Jun2022,Mountain,N,"163,627","151,612","138,063","-13,549","79,808","27,684",,,"4,390","18,961","14,993","3,024",,"2,305",-631,"5,705","7,953","-8,016","-10,466","-10,399",2.24,0.90,,"80,955","11,335",,276,"92,565","13,562","10,496","95,631","148,860","162,409",1.37,1.30
PACE,17Jun2022,Mountain,N,"171,376","163,914","147,776","-16,138","73,335","28,353",,,"4,468","16,480","34,778","2,946",,"1,791","3,274","5,423","7,021","-7,300","-11,972","-14,375",2.24,0.90,,"74,383","11,606",,391,"86,380","16,070","10,028","92,422","160,360","176,498",1.19,1.15
PACE,18Jun2022,Mountain,N,"154,156","151,075","121,027","-30,048","57,559","26,168",,,"4,845","14,256","26,367","3,024",,"-1,199","-2,252","2,166","4,394","-8,185","-10,741","-14,231",2.23,0.90,,"58,280","10,701",,323,"69,304","13,811","4,618","78,497","132,219","162,267",1.16,1.07
PACE,19Jun2022,Mountain,N,"136,284","135,290","118,840","-16,450","51,521","25,608",,,"5,351","16,938","20,929","3,214",,152,-920,"3,127","6,056","-7,472","-4,536","-12,857",2.23,0.90,,"52,191","10,478",,309,"62,977","10,921","6,608","67,290","123,561","140,011",1.12,1.06
PACE,20Jun2022,Mountain,N,"138,263","134,266","132,248","-2,018","60,358","26,023",,,"5,411","17,934","25,527","3,282",,"1,671","5,263","6,743","7,957","-7,858","-5,828","-9,966",2.23,0.90,,"61,186","10,651",,347,"72,184","10,052","12,837","69,400","138,535","140,553",1.15,1.09
PACE,21Jun2022,Mountain,N,"139,182","137,150","150,259","13,109","99,614","27,799",,,"5,408","19,039","17,212","2,786",,"3,681","23,075","7,312","11,271","-4,050","-19,938","-8,242",2.23,0.90,,"100,979","11,355",,296,"112,630","14,310","28,244","98,695","171,858","158,749",1.44,1.37
PACE,22Jun2022,Mountain,N,"150,676","142,916","136,338","-6,578","107,357","28,585",,,"5,331","9,491","8,381","2,155",,"4,023","15,605","5,075","7,207","-5,879","-23,338","-9,271",2.23,0.90,,"108,799","11,669",,169,"120,637","16,306","22,076","114,868","161,300","167,878",1.65,1.51
PACE,23Jun2022,Mountain,N,"157,697","150,689","146,632","-4,057","90,316","30,494",,,"5,287","15,165","19,494","2,178",,"3,340","10,264","4,403","8,846","-7,406","-14,777","-8,727",2.24,0.90,,"91,612","12,477",,281,"104,370","13,611","16,832","101,149","162,934","166,991",1.41,1.34
PACE,24Jun2022,Mountain,N,"152,510","156,771","156,460",-311,"82,840","27,325",,,"5,283","15,103","39,426","2,707",,"3,224","13,313","7,446","8,537","-6,524","-14,749","-11,558",2.24,0.90,,"84,001","11,192",,416,"95,609","14,548","17,593","92,564","172,684","172,995",1.22,1.18
PACE,25Jun2022,Mountain,N,"140,744","148,805","137,011","-11,794","85,962","26,777",,,"5,380","16,184","16,986","3,084",,"2,124","11,442","7,072","7,476","-6,484","-16,112","-17,312",2.23,0.90,,"87,042","10,966",,277,"98,285","17,230","16,918","98,597","154,373","166,167",1.40,1.31
PACE,26Jun2022,Mountain,N,"147,177","145,756","142,409","-3,347","90,302","29,966",,,"5,445","15,557","17,592","3,074",,-781,"18,953","5,805","10,602","-3,799","-17,690","-16,437",2.23,0.90,,"91,402","12,298",,278,"103,978","17,671","21,573","100,075","161,936","165,283",1.42,1.33
PACE,27Jun2022,Mountain,N,"164,035","158,363","146,146","-12,217","109,243","32,281",,,"5,454","16,662","6,214","2,957",,"1,065","15,685","6,501","8,421","-4,350","-24,551","-14,988",2.23,0.90,,"110,371","13,221",,208,"123,800","20,598","21,277","123,121","172,811","185,028",1.58,1.47
PACE,28Jun2022,Mountain,N,"173,529","163,171","140,949","-22,222","93,495","32,509",,,"5,596","13,466","13,575","2,932",,"1,981","3,309","2,618","7,341","-4,395","-19,218","-13,858",2.23,0.90,,"94,460","13,302",,237,"107,999","16,744","10,894","113,849","161,573","183,795",1.47,1.37
PACE,29Jun2022,Mountain,N,"169,921","163,566","154,826","-8,740","82,345","24,792",,,"5,704","12,351","40,627","2,906",,"1,423","7,805","5,695","6,081","-4,754","-12,226","-12,764",2.23,0.90,,"83,316","10,164",,410,"93,890","13,409","11,519","95,779","168,725","177,465",1.23,1.19
PACE,30Jun2022,Mountain,N,"165,369","162,539","145,998","-16,541","102,860","27,551",,,"5,835","13,666","15,453","2,962",,-252,"15,115","2,327","6,681","-4,290","-20,421","-15,701",2.23,0.90,,"104,256","11,297",,253,"115,805","19,762","16,268","119,299","168,327","184,868",1.52,1.42
PACE,01Jul2022,Mountain,N,"170,529","161,401","144,671","-16,730","79,854","27,690",,,"5,956","16,128","12,925","3,072",,"3,197","10,758","3,929","5,053","-5,595","-23,061","-11,011",2.23,0.90,,"80,818","11,334",,254,"92,406","18,375","14,260","96,520","145,625","162,355",1.40,1.31
PACE,02Jul2022,Mountain,N,"167,648","163,443","142,977","-20,466","78,577","24,446",,,"6,053","17,838","13,007","3,056",,"3,854","7,051","2,958","6,251","-6,295","-21,312","-12,973",2.23,0.90,,"79,423","10,016",,266,"89,705","19,593","12,893","96,405","142,977","163,443",1.38,1.30
PACE,03Jul2022,Mountain,N,"167,247","164,602","135,718","-28,884","61,534","28,088",,,"6,085","18,734","18,242","3,035",,"2,342","3,043","2,077","3,496","-5,567","-18,557","-15,718",2.23,0.90,,"62,270","11,510",,307,"74,087","17,709","7,514","84,282","135,718","164,602",1.20,1.13
PACE,04Jul2022,Mountain,N,"165,818","160,040","138,050","-21,990","78,437","26,972",,,"6,139","18,894","22,840","3,082",,-478,"6,874","2,637","3,809","-5,901","-17,264","-11,667",2.23,0.90,,"79,449","11,050",,339,"90,839","16,657","9,445","98,051","156,364","178,354",1.28,1.21
PACE,05Jul2022,Mountain,N,"172,682","159,082","151,480","-7,602","102,858","28,450",,,"5,868","18,006","18,068","3,059",,"2,757","16,328","1,015","7,438","-5,115","-23,033","-6,992",2.23,0.90,,"104,264","11,639",,300,"116,203","16,488","18,733","113,958","176,309","183,911",1.45,1.37
PACE,06Jul2022,Mountain,N,"172,418","165,833","178,154","12,321","105,723","30,093",,,"5,742","17,568","16,294","3,068",,"1,392","14,187","2,721","7,767","-7,205",,"-6,249",2.23,0.90,,"107,121","12,291",,284,"119,696","9,727","18,151","111,272","178,488","165,875",1.48,1.48
PACE,07Jul2022,Mountain,N,"175,472","174,136","170,131","-4,005","92,902","34,795",,,"5,805","18,391","15,189","3,049",,"2,215","7,585","-2,273","6,812","-8,283",,"-10,061",2.23,0.90,,"94,108","14,184",,283,"108,574","14,385","13,428","109,532","170,131","174,136",1.41,1.39
PACE,08Jul2022,Mountain,N,"180,058","176,910","167,085","-9,825","87,526","33,585",,,"5,852","18,175","18,912","3,035",,"2,744","7,370","-5,847","7,922","-7,919",,"-14,095",2.23,0.90,,"88,567","13,699",,306,"102,572","17,095","11,274","108,392","167,085","176,910",1.35,1.35
PACE,09Jul2022,Mountain,N,"175,616","175,078","182,218","7,140","103,598","30,822",,,"5,814","17,326","21,673","2,985",,"6,164","6,685","1,667","8,002","-7,880",,"-7,498",2.23,0.90,,"104,619","12,571",,318,"117,508","9,670","15,219","111,959","182,218","175,078",1.42,1.41
PACE,10Jul2022,Mountain,N,"169,443","173,144","182,963","9,819","105,133","30,981",,,"5,883","13,543","24,414","3,009",,"6,455","6,505","4,735","7,287","-8,621",,"-6,542",2.23,0.90,,"106,199","12,655",,312,"119,166","8,976","16,793","111,350","182,963","173,144",1.44,1.42
PACE,11Jul2022,Mountain,N,"176,703","174,202","174,703",501,"106,792","33,118",,,"5,862","15,244","10,735","2,952",,"5,420","11,539","-1,968","6,050","-7,887",,"-12,653",2.23,0.90,,"108,028","13,526",,232,"121,786","15,032","17,665","119,153","174,703","174,202",1.54,1.51
PACE,12Jul2022,Mountain,N,"183,414","177,338","175,737","-1,601","110,651","32,478",,,"5,755","12,156","11,830","2,867",,"4,730","11,170","-1,767","5,287","-7,020",,"-14,001",2.23,0.90,,"112,038","13,266",,217,"125,522","14,455","16,690","123,286","175,737","177,338",1.57,1.53
PACE,13Jul2022,Mountain,N,"188,787","181,018","186,771","5,753","116,055","33,678",,,"5,836","13,475","14,805","2,922",,"8,179","6,951",534,"4,793","-7,208",,"-7,496",2.23,0.90,,"117,518","13,750",,247,"131,515","10,049","16,860","124,704","186,771","181,018",1.55,1.52
PACE,14Jul2022,Mountain,N,"187,513","176,391","182,116","5,725","110,719","33,239",,,"5,814","9,922","19,463","2,959",,"8,696","7,753","2,688","4,110","-7,897",,"-9,625",2.23,0.90,,"112,226","13,580",,254,"126,060","11,928","17,607","120,381","182,116","176,391",1.53,1.50
PACE,15Jul2022,Mountain,N,"182,628","166,750","186,626","19,876","114,539","33,368",,,"5,774","12,978","16,933","3,034",,"9,057","11,643","4,360","7,643","-6,899",,"-5,928",2.23,0.90,,"115,972","13,627",,258,"129,858","8,747","23,059","115,545","186,626","166,750",1.53,1.53
PACE,16Jul2022,Mountain,N,"182,583","169,485","186,038","16,553","110,947","32,909",,,"5,767","17,701","15,795","2,919",,"9,222","11,912","2,758","8,885","-7,598",,"-8,626",2.23,0.90,,"112,299","13,438",,281,"126,019","11,104","23,322","113,801","186,038","169,485",1.49,1.48
PACE,17Jul2022,Mountain,N,"182,308","168,786","178,293","9,507","112,598","32,436",,,"5,738","14,711","9,975","2,835",,"9,884","9,875","1,225","5,972","-7,830",,"-9,619",2.23,0.90,,"113,884","13,223",,222,"127,329","12,181","21,499","118,010","178,293","168,786",1.57,1.54
PACE,18Jul2022,Mountain,N,"188,244","185,118","200,348","15,230","101,509","32,816",,,"5,723","12,707","44,743","2,850",,"10,097","7,087","3,771","5,723","-7,553",,"-3,895",2.23,0.90,,"102,794","13,385",,440,"116,619","7,748","17,851","106,517","200,348","185,118",1.28,1.27
PACE,19Jul2022,Mountain,N,"185,808","179,524","193,719","14,195","108,067","33,586",,,"5,767","16,235","27,190","2,874",,"6,898","14,673","4,998","9,610","-7,404",,"-14,580",2.24,0.90,,"109,568","13,709",,347,"123,624","14,896","23,459","115,061","193,719","179,524",1.41,1.41
PACE,20Jul2022,Mountain,N,"185,486","175,548","185,505","9,957","112,503","33,405",,,"5,789","15,382","15,587","2,839",,"6,036","12,436","4,068","7,531","-5,584",,"-14,530",2.23,0.90,,"113,988","13,622",,264,"127,874","14,842","22,515","120,201","185,505","175,548",1.52,1.51
PACE,21Jul2022,Mountain,N,"187,333","178,177","177,373",-804,"106,369","33,077",,,"5,760","14,158","15,253","2,756",,"5,585","4,553","2,191","4,957","-7,875",,"-10,215",2.23,0.90,,"107,780","13,486",,253,"121,518","13,153","13,724","120,947","177,373","178,177",1.51,1.50
PACE,22Jul2022,Mountain,N,"189,402","175,790","182,841","7,051","112,398","32,837",,,"5,696","14,389","14,740","2,781",,"4,042","7,279",227,"7,679","-7,044",,"-5,132",2.24,0.90,,"113,956","13,409",,250,"127,615","9,582","16,813","120,384","182,841","175,790",1.54,1.51
PACE,23Jul2022,Mountain,N,"174,666","169,974","177,160","7,186","109,523","33,036",,,"5,708","11,972","14,141","2,780",,"2,155","14,462","2,068","7,382","-6,917",,"-11,964",2.24,0.90,,"111,106","13,525",,230,"124,862","13,649","19,702","118,809","177,160","169,974",1.55,1.54
PACE,24Jul2022,Mountain,N,"172,103","160,254","177,930","17,676","112,455","31,827",,,"5,705","7,337","17,647","2,959",,"2,314","19,333","3,531","8,223","-4,187",,"-11,538",2.24,0.90,,"114,037","13,010",,224,"127,272","11,035","23,997","114,310","177,930","160,254",1.58,1.57
PACE,25Jul2022,Mountain,N,"179,529","169,122","186,458","17,336","115,364","33,077",,,"5,668","12,741","17,121","2,487",,"2,215","21,179","-2,352","8,398","-3,830",,"-8,274",2.24,0.90,,"117,059","13,517",,253,"130,829","9,577","23,288","117,118","186,458","169,122",1.55,1.53
PACE,26Jul2022,Mountain,N,"181,905","170,004","180,551","10,547","113,906","33,689",,,"5,696","11,899","13,160","2,201",,-265,"24,416","-1,171","6,600",-530,,"-18,503",2.24,0.90,,"115,484","13,757",,220,"129,461","15,000","24,507","119,955","180,551","170,004",1.58,1.56
PACE,27Jul2022,Mountain,N,"186,054","170,472","178,850","8,378","114,905","33,128",,,"5,670","11,156","11,818","2,173",,"-1,426","23,662","-5,398","7,376","-1,144",,"-14,692",2.24,0.90,,"116,516","13,516",,205,"130,237","13,928","23,276","120,889","178,850","170,472",1.61,1.56
PACE,28Jul2022,Mountain,N,"181,247","172,246","173,050",804,"106,674","33,063",,,"5,650","14,543","10,973","2,147",,"-3,422","23,053","-6,113","5,923","-1,073",,"-17,564",2.24,0.90,,"108,191","13,506",,222,"121,919","17,388","20,906","118,401","173,050","172,246",1.55,1.52
PACE,29Jul2022,Mountain,N,"177,649","166,667","164,993","-1,674","104,796","32,877",,,"5,678","12,570","6,927","2,145",,"-3,360","20,383","-3,639","5,395",-884,,"-19,569",2.24,0.90,,"106,258","13,426",,182,"119,866","16,956","19,362","117,460","164,993","166,667",1.60,1.55
PACE,30Jul2022,Mountain,N,"171,756","154,082","175,304","21,222","108,979","35,102",,,"5,657","14,878","8,554","2,134",,50,"25,511",-175,"10,067","-2,005",,"-12,226",2.23,0.90,,"110,434","14,335",,208,"124,977","11,303","27,822","108,458","175,304","154,082",1.57,1.55
PACE,31Jul2022,Mountain,N,"175,080","154,544","173,451","18,907","109,816","32,510",,,"5,620","13,583","9,798","2,124",,-693,"23,638",-548,"9,678","-2,093",,"-11,075",2.23,0.90,,"111,316","13,294",,207,"124,817","11,211","26,290","109,738","173,451","154,544",1.59,1.57
PACE,01Aug2022,Mountain,N,"182,789","167,418","180,213","12,795","112,754","33,305",,,"5,566","12,699","13,702","2,187",,412,"18,161","2,354","9,342","-2,782",,"-14,692",2.24,0.90,,"114,322","13,616",,228,"128,166","12,795","22,563","118,397","180,213","167,418",1.57,1.56
PACE,02Aug2022,Mountain,N,"179,623","159,981","187,818","27,837","105,475","30,104",,,"5,556","12,272","32,168","2,243",,"4,592","21,202","6,473","10,990","-1,631",,"-13,789",2.24,0.90,,"107,047","12,317",,348,"119,712","11,186","28,169","102,729","187,818","159,981",1.41,1.42
PACE,03Aug2022,Mountain,N,"176,344","164,011","177,360","13,349","112,424","33,709",,,"5,545","13,504","10,007","2,171",,"3,364","19,539","3,360","9,711","-4,478",,"-18,147",2.24,0.90,,"114,034","13,770",,208,"128,012","16,347","26,429","117,930","177,360","164,011",1.59,1.59
PACE,04Aug2022,Mountain,N,"183,811","169,751","176,449","6,698","106,050","33,404",,,"5,510","12,118","17,257","2,110",,"4,902","12,128","4,823","8,460","-5,188",,"-18,427",2.24,0.90,,"107,636","13,641",,246,"121,523","15,994","21,285","116,233","176,449","169,751",1.52,1.51
PACE,05Aug2022,Mountain,N,"169,667","162,648","173,088","10,440","103,109","31,722",,,"5,474","12,716","17,796","2,271",,"4,967","15,072","2,290","9,905","-3,549",,"-18,245",2.24,0.90,,"104,589","12,966",,255,"117,810","14,606","22,519","109,897","173,088","162,648",1.50,1.49
PACE,06Aug2022,Mountain,N,"152,875","141,943","161,666","19,723","88,564","28,582",,,"5,549","14,977","22,176","1,818",,"4,969","20,731","3,283","11,121","-1,012",,"-19,369",2.24,0.90,,"89,838","11,707",,297,"101,841","13,061","25,781","89,121","161,666","141,943",1.39,1.38
PACE,07Aug2022,Mountain,N,"158,580","139,618","163,364","23,746","96,293","31,468",,,"5,553","17,953","10,754","1,343",,"5,086","21,897","8,360","11,302","-1,796",,"-21,103",2.23,0.90,,"97,585","12,868",,237,"110,691","17,227","32,402","95,516","163,364","139,618",1.49,1.51
PACE,08Aug2022,Mountain,N,"169,754","152,751","169,944","17,193","108,538","29,534",,,"5,512","17,586","7,735","1,039",,"2,318","20,307","4,988","9,983","-1,912",,"-18,491",2.23,0.90,,"109,971","12,061",,212,"122,245","14,750","27,417","109,578","169,944","152,751",1.59,1.58
PACE,09Aug2022,Mountain,N,"170,514","155,197","177,108","21,911","117,450","32,425",,,"5,381","12,807","8,010","1,035",,"2,751","19,728","8,357","8,312","-2,442",,"-14,795",2.23,0.90,,"118,932","13,239",,181,"132,353","12,389","29,838","114,904","177,108","155,197",1.65,1.63
PACE,10Aug2022,Mountain,N,"170,314","160,460","183,465","23,005","108,618","33,268",,,"5,288","12,819","21,690","1,782",,"3,530","18,853","8,309","8,614","-2,366",,"-13,935",2.23,0.90,,"109,983","13,573",,277,"123,833","11,637","27,010","108,460","183,465","160,460",1.49,1.49
PACE,11Aug2022,Mountain,N,"167,647","156,650","182,817","26,167","112,283","35,118",,,"5,136","8,952","19,502","1,826",,"4,957","18,355","7,995","9,437","-1,750",,"-12,827",2.23,0.90,,"113,647","14,354",,236,"128,237","9,621","28,628","109,230","182,817","156,650",1.55,1.54
PACE,12Aug2022,Mountain,N,"167,193","156,466","173,560","17,094","107,800","34,982",,,"5,103","8,640","15,003","2,032",,"4,044","13,973","7,928","8,603","-3,219",,"-14,235",2.23,0.90,,"109,069","14,309",,205,"123,583","12,455","24,662","111,376","173,560","156,466",1.57,1.57
PACE,13Aug2022,Mountain,N,"157,282","148,361","170,731","22,370","107,603","33,531",,,"4,936","9,850","12,590","2,221",,"6,251","14,455","8,903","8,992","-3,700",,"-12,531",2.23,0.90,,"108,829","13,679",,197,"122,705","11,451","27,803","106,354","170,731","148,361",1.58,1.58
PACE,14Aug2022,Mountain,N,"154,323","145,378","169,020","23,642","107,182","33,803",,,"4,809","11,910","9,071","2,245",,"6,434","19,728","7,469","6,509","-2,092",,"-14,406",2.23,0.90,,"108,477","13,804",,187,"122,467","12,139","29,537","105,069","169,020","145,378",1.60,1.59
PACE,15Aug2022,Mountain,N,"162,025","155,591","174,603","19,012","113,083","34,505",,,"4,575","12,127","8,122","2,191",,"6,435","20,547","4,062","8,127","-2,381",,"-17,778",2.23,0.90,,"114,581","14,097",,180,"128,858","14,740","29,916","113,683","174,603","155,591",1.63,1.61
PACE,16Aug2022,Mountain,N,"168,184","161,507","177,385","15,878","117,091","35,708",,,"4,385","10,675","7,364","2,162",,"5,557","18,534","4,958","7,469","-2,480",,"-18,160",2.23,0.90,,"118,574","14,576",,164,"133,314","15,732","28,732","120,313","177,385","161,507",1.66,1.64
PACE,17Aug2022,Mountain,N,"172,663","166,765","179,113","12,348","114,079","36,207",,,"4,402","14,160","8,134","2,131",,"2,632","21,996","-1,303","10,257","-1,661",,"-19,573",2.23,0.90,,"115,440","14,786",,192,"130,418","16,506","26,503","120,421","179,113","166,765",1.61,1.59
PACE,18Aug2022,Mountain,N,"170,578","164,310","180,549","16,239","118,953","36,225",,,"4,427","10,533","8,251","2,160",,"4,271","24,882","-1,523","9,165","-1,353",,"-19,203",2.23,0.90,,"120,347","14,812",,169,"135,328","16,092","30,096","121,323","180,549","164,310",1.65,1.63
PACE,19Aug2022,Mountain,N,"163,346","149,780","175,766","25,986","114,069","33,584",,,"4,529","10,333","10,997","2,254",,"4,228","25,363","4,028","10,997","-2,487",,"-16,143",2.23,0.90,,"115,460","13,750",,187,"129,398","14,255","33,480","110,172","175,766","149,780",1.62,1.62
PACE,20Aug2022,Mountain,N,"149,450","134,281","171,846","37,565","106,303","32,731",,,"4,540","11,969","13,973","2,330",,"1,521","33,565","5,477","11,022",819,,"-14,839",2.23,0.90,,"107,525","13,422",,219,"121,165","11,437","38,478","94,125","171,846","134,281",1.55,1.55
PACE,21Aug2022,Mountain,N,"151,422","141,502","164,645","23,143","102,433","33,993",,,"4,651","13,424","7,839","2,305",,"1,804","29,000",279,"11,185","-1,319",,"-17,806",2.23,0.90,,"103,581","13,920",,188,"117,690","14,010","31,239","100,461","164,645","141,502",1.58,1.57
PACE,22Aug2022,Mountain,N,"164,910","155,666","171,425","15,759","108,612","34,776",,,"4,734","15,830","5,244","2,229",,"1,785","24,108",-116,"10,156","-1,688",,"-18,486",2.23,0.90,,"109,920","14,233",,187,"124,339","15,430","28,006","111,763","171,425","155,666",1.60,1.58
PACE,23Aug2022,Mountain,N,"170,221","157,447","173,391","15,944","106,961","34,976",,,"4,731","15,544","8,974","2,205",,"2,702","19,166","5,037","8,887","-2,556",,"-17,292",2.23,0.90,,"108,284","14,307",,210,"122,801","14,579","26,357","111,024","173,391","157,447",1.56,1.55
PACE,24Aug2022,Mountain,N,"169,881","153,864","174,067","20,203","103,778","34,141",,,"4,818","11,259","17,837","2,234",,"2,045","23,347","4,847","7,926","-1,897",,"-16,065",2.23,0.90,,"105,095","13,961",,241,"119,297","13,173","26,718","105,752","174,067","153,864",1.51,1.52
PACE,25Aug2022,Mountain,N,"168,216","153,466","171,770","18,304","108,533","35,278",,,"4,706","9,813","11,202","2,238",,"2,143","22,021","2,691","8,573",-719,,"-16,405",2.23,0.90,,"109,930","14,425",,186,"124,542","12,115","26,242","110,415","171,770","153,466",1.60,1.59
PACE,26Aug2022,Mountain,N,"166,116","156,582","164,405","7,823","92,605","34,902",,,"4,602","13,424","16,593","2,279",,499,"14,121","4,515","7,002","-2,339",,"-15,975",2.24,0.90,,"93,887","14,303",,246,"108,436","13,273","18,290","103,419","164,405","156,582",1.45,1.46
PACE,27Aug2022,Mountain,N,"156,911","151,892","180,801","28,909","89,713","32,268",,,"4,592","13,477","38,475","2,276",,980,"23,688","8,638","9,656",359,,"-14,412",2.24,0.91,,"91,042","13,253",,392,"104,687","10,716","26,584","88,820","180,801","151,892",1.28,1.29
PACE,28Aug2022,Mountain,N,"152,243","148,215","189,593","41,378","100,044","32,848",,,"4,612","14,950","34,884","2,255",,"5,919","29,905","6,748","11,573",556,,"-13,323",2.24,0.91,,"101,537","13,497",,378,"115,412","9,593","33,895","91,110","189,593","148,215",1.34,1.36
PACE,29Aug2022,Mountain,N,"163,625","155,390","175,937","20,547","113,127","34,973",,,"4,698","16,037","4,886","2,216",,"5,439","22,960","1,223","9,137",-835,,"-17,377",2.24,0.90,,"114,734","14,336",,185,"129,255","13,661","29,637","113,279","175,937","155,390",1.62,1.61
PACE,30Aug2022,Mountain,N,"170,368","158,402","182,672","24,270","115,087","37,910",,,"4,711","15,410","7,369","2,185",,"3,547","30,401",119,"8,596",677,,"-19,070",2.23,0.90,,"116,562","15,504",,198,"132,263","14,669","33,458","113,475","182,672","158,402",1.60,1.58
PACE,31Aug2022,Mountain,N,"175,105","161,561","172,427","10,866","107,149","37,475",,,"4,811","15,123","5,708","2,161",,-607,"23,893","2,729","6,746","-1,030",,"-20,865",2.23,0.90,,"108,550","15,319",,185,"124,054","16,683","26,043","114,694","172,427","161,561",1.59,1.57
PACE,01Sep2022,Mountain,N,"176,494","163,444","176,978","13,534","101,155","39,930",,,"4,920","14,774","14,054","2,145",,"1,503","19,456","6,412","7,897",-181,,"-21,553",2.23,0.90,,"102,513","16,333",,239,"119,085","16,340","25,192","110,233","176,978","163,444",1.48,1.49
PACE,02Sep2022,Mountain,N,"168,750","159,806","181,778","21,972","106,933","38,627",,,"4,930","15,362","13,730","2,196",,"1,755","26,592","5,346","9,390",619,,"-21,730",2.23,0.90,,"108,381","15,810",,241,"124,432","16,081","31,053","109,460","181,778","159,806",1.51,1.51
PACE,03Sep2022,Mountain,N,"169,433","152,734","182,437","29,703","100,896","35,395",,,"4,922","14,745","24,300","2,179",,"3,278","23,335","8,724","11,073","-2,476",,"-14,231",2.23,0.90,,"102,143","14,520",,307,"116,970","11,826","30,257","98,539","182,437","152,734",1.41,1.42
PACE,04Sep2022,Mountain,N,"169,188","152,870","186,686","33,816","112,348","35,929",,,"4,893","14,589","16,765","2,162",,"3,963","28,506","8,421","11,295","-2,711",,"-15,658",2.23,0.91,,"113,696","14,753",,256,"128,705","12,681","36,267","105,119","186,686","152,870",1.52,1.52
PACE,05Sep2022,Mountain,N,"170,430","154,932","177,970","23,038","109,370","36,871",,,"4,873","14,872","9,826","2,158",,"1,782","28,070","7,422","10,224","-4,668",,"-19,792",2.23,0.90,,"110,773","15,130",,211,"126,115","17,048","34,023","109,140","177,970","154,932",1.56,1.55
PACE,06Sep2022,Mountain,N,"180,086","162,320","172,853","10,533","107,871","38,103",,,"4,834","13,697","6,232","2,116",,-491,"21,994","6,123","5,792","-3,762",,"-19,123",2.24,0.90,,"109,360","15,587",,179,"125,125","17,114","25,907","116,333","172,853","162,320",1.60,1.58
PACE,07Sep2022,Mountain,N,"176,882","166,060","182,758","16,698","114,241","38,807",,,"4,820","12,736","10,027","2,127",,626,"22,506","7,848","7,036","-3,422",,"-17,896",2.23,0.90,,"115,746","15,873",,198,"131,816","14,960","28,243","118,533","182,758","166,060",1.59,1.57
PACE,08Sep2022,Mountain,N,"172,509","164,354","186,118","21,764","104,748","37,728",,,"4,793","12,975","23,704","2,170",,"3,229","23,761","6,769","7,311","-2,648",,"-16,658",2.23,0.90,,"106,028","15,468",,291,"121,787","13,369","27,657","107,499","186,118","164,354",1.44,1.44
PACE,09Sep2022,Mountain,N,"156,325","142,253","179,104","36,851","103,866","35,623",,,"4,743","14,240","18,285","2,347",,"5,036","32,043","6,278","11,301","-2,435",,"-15,372",2.23,0.90,,"105,131","14,607",,264,"120,002","12,012","36,745","95,269","179,104","142,253",1.48,1.48
PACE,10Sep2022,Mountain,N,"145,119","129,606","162,720","33,114","101,794","34,607",,,"4,559","11,960","7,428","2,372",,"2,536","35,565","2,161","11,286","-2,672",,"-15,762",2.23,0.90,,"103,091","14,202",,175,"117,469","14,762","38,320","93,910","162,720","129,606",1.59,1.60
PACE,11Sep2022,Mountain,N,"150,803","130,165","163,470","33,305","100,742","34,761",,,"4,528","11,886","9,218","2,335",,"2,411","37,379","1,842","8,682","-1,148",,"-15,861",2.23,0.90,,"101,994","14,257",,186,"116,437","13,545","36,544","93,438","163,470","130,165",1.57,1.58
PACE,12Sep2022,Mountain,N,"158,483","140,925","165,880","24,955","105,493","35,532",,,"4,275","10,195","7,842","2,543",,398,"35,572","2,070","6,403",-83,,"-19,405",2.23,0.90,,"106,941","14,561",,166,"121,668","15,909","34,027","103,550","165,880","140,925",1.62,1.62
PACE,13Sep2022,Mountain,N,"146,350","131,379","161,664","30,285","97,921","35,863",,,"4,085","5,001","16,525","2,269",,992,"37,291",416,"5,997","1,149",,"-15,560",2.24,0.90,,"99,378","14,714",,186,"114,278","12,591","33,765","93,104","161,664","131,379",1.56,1.56
PACE,14Sep2022,Mountain,N,"143,728","123,967","153,227","29,260","88,491","33,642",,,"4,002","6,442","18,955","1,695",,213,"33,697","3,424","5,530","1,198",,"-14,802",2.24,0.91,,"89,795","13,828",,207,"103,830","10,835","30,588","84,077","153,227","123,967",1.49,1.50
PACE,15Sep2022,Mountain,N,"141,055","125,401","159,879","34,478","97,291","35,994",,,"3,860","11,657","9,227","1,850",,940,"41,008","2,617","6,802","1,317",,"-18,206",2.24,0.91,,"98,721","14,799",,177,"113,698","14,793","39,125","89,366","159,879","125,401",1.57,1.57
PACE,16Sep2022,Mountain,N,"139,155","123,542","162,040","38,498","88,265","32,719",,,"3,808","12,591","22,304","2,353",,"1,301","40,485","1,904","8,421","1,169",,"-14,782",2.23,0.90,,"89,428","13,409",,273,"103,111","12,287","35,727","79,672","162,040","123,542",1.40,1.42
PACE,17Sep2022,Mountain,N,"132,868","113,938","147,507","33,569","83,950","30,660",,,"3,762","14,099","12,588","2,448",,"-1,874","38,251","2,266","6,536","2,354",,"-13,964",2.24,0.90,,"85,189","12,562",,219,"97,970","11,303","34,715","74,558","147,507","113,938",1.46,1.44
PACE,18Sep2022,Mountain,N,"137,385","115,424","160,064","44,640","87,577","31,288",,,"3,690","15,446","19,215","2,848",,102,"41,805","3,559","7,571","2,798",,"-11,195",2.24,0.90,,"88,887","12,799",,274,"101,960","8,886","37,290","73,556","160,064","115,424",1.40,1.40
PACE,19Sep2022,Mountain,N,"147,286","127,549","172,549","45,000","87,610","33,600",,,"3,369","15,507","29,288","3,175",,"1,038","41,290","1,403","7,444",233,,"-6,408",2.24,0.90,,"88,964","13,738",,342,"103,044","6,373","33,547","75,870","172,549","127,549",1.32,1.31
PACE,20Sep2022,Mountain,N,"150,862","130,910","161,441","30,531","87,832","35,354",,,"2,850","13,982","18,284","3,139",,977,"33,779",-661,"7,134",-79,,"-10,619",2.24,0.90,,"89,209","14,471",,255,"103,934","9,490","29,304","84,121","161,441","130,910",1.42,1.42
PACE,21Sep2022,Mountain,N,"142,283","127,522","147,272","19,750","68,825","34,193",,,"2,658","11,127","27,871","2,598",,"-1,345","31,356",-864,"4,608",-536,,"-13,469",2.24,0.90,,"69,964","14,001",,295,"84,260","12,209","22,871","73,598","147,272","127,522",1.26,1.27
PACE,22Sep2022,Mountain,N,"137,008","128,294","156,037","27,743","64,146","32,170",,,"2,635","13,610","41,084","2,392",,"-1,281","30,395","2,415","7,828",-585,,"-11,029",2.24,0.90,,"65,097","13,191",,398,"78,686","9,511","21,787","66,410","156,037","128,294",1.11,1.14
PACE,23Sep2022,Mountain,N,"136,052","129,976","163,528","33,552","63,843","31,165",,,"3,008","15,371","47,499","2,642",,373,"31,941","8,127","7,693","-1,591",,"-12,991",2.23,0.91,,"64,606","12,796",,456,"77,858","10,875","24,116","64,618","163,528","129,976",1.05,1.10
PACE,24Sep2022,Mountain,N,"130,903","125,960","169,214","43,254","88,355","31,794",,,"2,671","14,881","28,362","3,151",,"1,699","36,223","9,124","9,233","-1,409",,"-11,616",2.23,0.90,,"89,324","13,030",,327,"102,681","9,574","34,371","77,884","169,214","125,960",1.34,1.36
PACE,25Sep2022,Mountain,N,"131,877","126,577","164,234","37,657","109,429","32,227",,,"2,585","14,757","2,117","3,127",,"1,256","35,063","6,139","9,871","-1,078",,"-13,594",2.23,0.90,,"110,850","13,228",,151,"124,228","12,013","40,165","96,075","164,260","126,603",1.67,1.67
PACE,26Sep2022,Mountain,N,"141,223","138,175","169,270","31,095","107,667","33,772",,,"2,603","14,258","7,836","3,134",,244,"29,594","7,823","9,404","-2,177",,"-13,793",2.23,0.90,,"108,915","13,838",,185,"122,939","12,958","35,077","100,819","169,270","138,175",1.60,1.61
PACE,27Sep2022,Mountain,N,"144,056","138,523","171,572","33,049","109,941","33,658",,,"2,634","10,346","11,888","3,105",,634,"25,596","10,631","10,411","-1,939",,"-12,284",2.23,0.90,,"111,300","13,813",,186,"125,299","11,407","35,468","101,237","171,572","138,523",1.61,1.61
PACE,28Sep2022,Mountain,N,"146,405","140,345","175,373","35,028","105,645","33,223",,,"2,557","9,297","21,561","3,090",,"2,941","26,588","8,642","10,998","-2,176",,"-11,965",2.23,0.91,,"106,945","13,646",,243,"120,834","9,460","34,359","95,936","175,373","140,345",1.52,1.51
PACE,29Sep2022,Mountain,N,"143,222","141,036","177,666","36,630","95,517","32,792",,,"2,496","11,712","32,092","3,057",,"2,660","25,961","6,986","11,638","-1,073",,"-9,542",2.24,0.91,,"96,869","13,486",,329,"110,684","7,777","30,673","87,787","177,666","141,036",1.37,1.37
PACE,30Sep2022,Mountain,N,"134,532","134,975","168,031","33,056","101,254","31,300",,,"2,472","11,430","18,530","3,045",,"1,155","31,549","8,475","9,193","-1,089",,"-16,227",2.23,0.91,,"102,649","12,911",,236,"115,796","12,979","35,310","93,466","168,031","134,975",1.52,1.53
PACE,01Oct2022,Mountain,N,"124,794","127,937","150,701","22,764","96,347","30,081",,,"2,458","13,212","5,425","3,178",,"-1,378","34,705","4,920","4,766","-1,059",,"-19,190",2.23,0.90,,"97,393","12,343",,162,"109,898","16,739","32,883","93,753","150,701","127,937",1.61,1.62
PACE,02Oct2022,Mountain,N,"125,537","125,656","152,164","26,508","96,061","30,573",,,"2,447","8,394","12,223","2,466",,"-1,896","38,439","2,990","4,797",316,,"-18,138",2.23,0.91,,"97,126","12,566",,170,"109,862","14,706","34,393","90,174","152,164","125,656",1.59,1.58
PACE,03Oct2022,Mountain,N,"132,874","134,697","153,479","18,782","98,881","31,615",,,"2,439","11,712","6,535","2,297",,"-1,919","34,310","2,610","3,428",-833,,"-18,814",2.23,0.91,,"100,043","12,979",,153,"113,176","16,958","30,728","99,405","153,479","134,697",1.63,1.63
PACE,04Oct2022,Mountain,N,"131,043","134,075","152,155","18,080","95,008","32,792",,,"2,398","14,179","5,183","2,595",,"-1,783","34,535",696,"3,806",227,,"-19,401",2.23,0.90,,"96,100","13,423",,162,"109,685","17,951","30,230","97,406","152,155","134,075",1.59,1.60
PACE,05Oct2022,Mountain,N,"133,278","133,124","156,950","23,826","103,325","32,491",,,"2,118","13,776","2,210","3,030",,"-1,139","34,853","3,594","5,257",60,,"-18,799",2.23,0.90,,"104,477","13,263",,141,"117,881","17,138","34,224","100,795","156,953","133,127",1.66,1.67
PACE,06Oct2022,Mountain,N,"132,949","130,230","154,466","24,236","96,242","33,080",,,"1,890","13,546","6,712","2,996",,-947,"35,684","2,777","4,812",561,,"-18,651",2.23,0.90,,"97,306","13,521",,167,"110,995","16,187","32,725","94,457","154,466","130,230",1.58,1.60
PACE,07Oct2022,Mountain,N,"133,635","128,122","148,452","20,330","97,976","31,027",,,"1,814","13,337","1,298","3,017",,"-1,255","36,167","2,466","4,922",-740,,"-21,230",2.23,0.90,,"99,120","12,698",,130,"111,949","19,044","33,753","97,240","148,477","128,147",1.66,1.67
PACE,08Oct2022,Mountain,N,"127,202","125,570","146,811","21,241","93,675","31,114",,,"1,838","13,556","3,589","3,039",,"-1,135","33,168","1,991","4,720",357,,"-17,860",2.23,0.90,,"94,647","12,701",,147,"107,495","16,384","30,920","92,959","146,811","125,570",1.61,1.63
PACE,09Oct2022,Mountain,N,"127,435","125,034","148,095","23,061","95,431","30,421",,,"1,823","11,728","5,661","3,031",,-683,"32,843",926,"4,394",-587,,"-13,832",2.23,0.90,,"96,410","12,432",,148,"108,990","13,117","29,691","92,416","148,095","125,034",1.62,1.63
PACE,10Oct2022,Mountain,N,"134,010","131,178","156,070","24,892","79,902","30,808",,,"1,786","10,966","29,571","3,037",,9,"29,006","3,647","4,879","-1,773",,"-10,876",2.23,0.90,,"80,864","12,623",,302,"93,789","9,447","23,558","79,678","156,070","131,178",1.32,1.34
PACE,11Oct2022,Mountain,N,"133,996","131,523","161,490","29,967","71,874","31,291",,,"1,758","12,910","40,631","3,026",,"-1,097","36,221","1,907","8,953",-688,,"-15,329",2.24,0.91,,"72,956","12,884",,389,"86,229","11,574","26,149","71,654","161,490","131,523",1.18,1.20
PACE,12Oct2022,Mountain,N,"132,493","128,220","157,559","29,339","74,474","34,921",,,"1,817","13,332","29,965","3,050",,-526,"38,240",765,"7,754","-2,124",,"-14,770",2.24,0.90,,"75,535","14,315",,321,"90,171","13,050","28,072","75,149","157,559","128,220",1.26,1.29
PACE,13Oct2022,Mountain,N,"131,689","130,437","147,800","17,363","71,810","32,851",,,"1,829","13,447","24,807","3,056",,682,"32,476",-420,"6,567","-1,893",,"-20,049",2.23,0.90,,"72,791","13,462",,287,"86,540","16,366","24,741","78,165","147,800","130,437",1.29,1.32
PACE,14Oct2022,Mountain,N,"131,432","129,330","148,272","18,942","69,576","32,043",,,"1,704","13,233","28,715","3,001",,932,"32,676","1,394","4,803",-41,,"-20,822",2.23,0.90,,"70,495","13,152",,311,"83,958","15,675","24,013","75,620","148,272","129,330",1.25,1.29
PACE,15Oct2022,Mountain,N,"124,116","123,230","149,454","26,224","84,769","32,943",,,"1,670","12,368","14,796","2,908",,"1,693","36,239",229,"4,594","1,739",,"-18,270",2.23,0.90,,"85,721","13,512",,211,"99,444","14,017","30,446","83,015","149,454","123,230",1.47,1.49
PACE,16Oct2022,Mountain,N,"123,376","121,496","141,721","20,225","84,900","31,971",,,"1,633","10,677","9,569","2,971",,236,"38,750",253,"2,762",822,,"-22,598",2.23,0.91,,"85,821","13,126",,166,"99,112","17,938","31,258","85,793","141,721","121,496",1.54,1.56
PACE,17Oct2022,Mountain,N,"130,559","127,787","141,214","13,427","88,538","32,808",,,"1,613","12,090","3,212","2,953",,"1,437","31,293","-1,727","1,761",-584,,"-18,753",2.23,0.90,,"89,613","13,461",,132,"103,207","17,296","26,893","93,610","141,214","127,787",1.61,1.61
PACE,18Oct2022,Mountain,N,"131,093","125,182","136,922","11,740","85,064","32,743",,,"1,552","12,397","2,249","2,917",,"1,933","30,429",-994,"2,343",-800,,"-21,171",2.23,0.90,,"86,030","13,399",,127,"99,557","19,232","27,344","91,444","136,922","125,182",1.60,1.61
PACE,19Oct2022,Mountain,N,"131,559","123,100","144,646","21,546","82,811","32,006",,,"1,492","11,958","13,392","2,987",,"2,618","30,932","3,253","4,545",-574,,"-19,228",2.23,0.90,,"83,820","13,093",,199,"97,112","14,601","28,905","82,808","144,646","123,100",1.48,1.48
PACE,20Oct2022,Mountain,N,"131,638","127,795","154,034","26,239","71,492","32,030",,,"1,423","11,230","34,875","2,984",,"2,490","26,342","4,483","4,781",168,,"-12,025",2.23,0.90,,"72,430","13,126",,336,"85,892","9,287","22,207","72,972","154,034","127,795",1.23,1.26
PACE,21Oct2022,Mountain,N,"130,821","128,076","160,354","32,278","68,377","29,945",,,"1,405","12,112","45,520","2,995",,927,"34,954","4,102","6,044","1,492",,"-15,241",2.23,0.91,,"69,316","12,318",,413,"82,047","11,463","25,851","67,659","160,354","128,076",1.13,1.16
PACE,22Oct2022,Mountain,N,"124,864","124,966","151,894","26,928","66,512","27,657",,,"1,402","4,663","48,693","2,967",,588,"36,974","-1,272","5,910","1,636",,"-16,908",2.24,0.91,,"67,429","11,392",,385,"79,205","12,743","24,942","67,006","151,894","124,966",1.15,1.18
PACE,23Oct2022,Mountain,N,"127,295","126,965","139,640","12,675","62,614","27,418",,,"1,466","5,095","40,064","2,983",,"-1,844","32,442","-2,308","3,081","1,596",,"-20,292",2.24,0.91,,"63,536","11,288",,330,"75,155","15,079","21,170","69,064","139,640","126,965",1.19,1.20
PACE,24Oct2022,Mountain,N,"135,370","134,520","154,032","19,512","61,206","27,338",,,"1,442","11,877","49,218","2,951",,"-1,430","29,120",758,"4,746",898,,"-14,580",2.24,0.90,,"62,091","11,220",,436,"73,747","10,859","18,359","66,246","154,032","134,520",1.06,1.09
PACE,25Oct2022,Mountain,N,"133,889","133,394","151,435","18,041","75,309","26,742",,,"1,330","7,853","37,290","2,911",,"-1,660","24,752","1,567","5,601",348,,"-12,567",2.23,0.90,,"76,315","10,952",,329,"87,596","9,795","19,274","78,116","151,435","133,394",1.28,1.29
PACE,26Oct2022,Mountain,N,"134,713","136,042","145,140","9,098","81,776","29,527",,,"1,259","7,949","21,679","2,950",,"-2,319","20,577",522,"4,305",394,,"-14,381",2.23,0.90,,"82,885","12,101",,225,"95,211","11,904","18,670","88,444","145,140","136,042",1.45,1.43
PACE,27Oct2022,Mountain,N,"136,280","135,957","149,439","13,482","78,112","30,516",,,"1,235","10,540","25,809","3,227",,"-3,079","26,357","1,507","4,816",366,,"-16,485",2.24,0.91,,"79,328","12,557",,272,"92,156","13,183","21,624","83,715","149,439","135,957",1.36,1.36
PACE,28Oct2022,Mountain,N,"134,359","133,406","158,147","24,741","69,765","32,135",,,"1,250","12,049","39,644","3,304",,-46,"23,880",63,"6,961","1,251",,"-7,368",2.23,0.91,,"70,627","13,192",,375,"84,194","6,889","19,146","71,937","158,147","133,406",1.17,1.19
PACE,29Oct2022,Mountain,N,"126,993","125,863","144,772","18,909","85,465","31,284",,,"1,243","9,606","13,854","3,320",,824,"25,178","-2,524","6,121",-927,,"-9,763",2.23,0.90,,"86,442","12,828",,187,"99,457","9,661","22,984","86,134","144,772","125,863",1.51,1.51
PACE,30Oct2022,Mountain,N,"126,685","122,808","146,471","23,663","76,448","30,930",,,"1,248","11,612","22,929","3,304",,"1,005","21,229",778,"6,388","-1,405",,"-4,332",2.23,0.90,,"77,298","12,652",,260,"90,211","5,680","19,958","75,933","146,471","122,808",1.36,1.36
PACE,31Oct2022,Mountain,N,"132,495","128,726","160,537","31,811","62,765","32,862",,,"1,269","11,157","49,202","3,282",,"1,267","19,417","4,862","8,913",-410,,"-2,238",2.23,0.90,,"63,573","13,448",,432,"77,453","3,107","17,994","62,566","160,537","128,726",1.06,1.07
PACE,01Nov2022,Mountain,N,"132,753","126,461","156,971","30,510","74,468","32,341",,,"1,149","6,572","39,192","3,249",,-282,"23,221","4,972","9,463","2,246",,"-9,110",2.24,0.91,,"75,657","13,276",,334,"89,267","6,770","23,296","72,741","156,971","126,461",1.25,1.27
PACE,02Nov2022,Mountain,N,"133,488","133,379","138,565","5,186","60,240","31,875",,,"1,008","3,175","39,055","3,212",,"-3,139","18,844","2,076","5,350",-496,,"-17,449",2.25,0.91,,"61,393","13,110",,309,"74,812","13,290","15,198","72,903","138,565","133,379",1.19,1.21
PACE,03Nov2022,Mountain,N,"137,607","135,754","127,349","-8,405","69,230","33,873",,,959,"3,973","16,091","3,223",,"-4,493","17,193","1,495","2,692","1,070",,"-26,362",2.24,0.91,,"70,471","13,933",,162,"84,565","19,656","16,094","88,128","127,349","135,754",1.46,1.43
PACE,04Nov2022,Mountain,N,"138,709","137,884","149,869","11,985","57,698","33,625",,,917,"10,662","43,710","3,257",,"-1,853","20,500","5,121","7,742",436,,"-19,961",2.24,0.90,,"58,662","13,783",,390,"72,836","16,101","18,195","70,742","149,869","137,884",1.07,1.13
PACE,05Nov2022,Mountain,N,"129,150","131,603","139,683","8,080","50,196","31,503",,,929,"7,056","46,807","3,192",,"-3,225","18,109","5,136","6,542","2,268",,"-20,750",2.24,0.91,,"51,007","12,944",,386,"64,337","16,044","16,227","64,154","139,683","131,603",1.02,1.07
PACE,06Nov2022,Mountain,N,"135,372","134,143","154,247","20,104","78,183","34,500",,,"1,063","7,940","29,901","2,660",,"-1,806","28,836","4,287","5,874","5,740",,"-22,827",2.24,0.90,,"79,460","14,144",,277,"93,881","18,197","28,704","83,373","154,247","134,143",1.34,1.37
PACE,07Nov2022,Mountain,N,"135,174","134,507","153,122","18,615","73,591","33,756",,,"1,018","7,021","35,293","2,443",,"-2,380","32,783","5,518","3,174","2,147",,"-22,627",2.24,0.90,,"74,749","13,792",,305,"88,846","15,898","25,324","79,420","153,122","134,507",1.28,1.30
PACE,08Nov2022,Mountain,N,"135,169","134,581","145,078","10,497","80,803","36,505",,,"1,027","5,707","18,760","2,276",,"-3,319","32,045","3,610","3,378","1,727",,"-26,944",2.24,0.90,,"82,157","14,959",,185,"97,301","19,480","27,357","89,424","145,078","134,581",1.48,1.46
PACE,09Nov2022,Mountain,N,"140,131","138,238","142,736","4,498","74,630","34,094",,,"1,042","4,066","27,304","1,600",,"-7,327","33,777","4,055",-845,"4,669",,"-29,831",2.24,0.90,,"75,857","13,984",,227,"90,067","24,242","27,755","86,555","142,736","138,238",1.39,1.38
PACE,10Nov2022,Mountain,N,"143,987","138,656","154,934","16,278","76,361","35,608",,,"1,099","10,084","30,295","1,487",,"-5,159","35,534","3,173","1,734","5,347",,"-24,351",2.24,0.90,,"77,648","14,598",,286,"92,532","18,880","27,688","83,723","154,934","138,656",1.32,1.33
PACE,11Nov2022,Mountain,N,"144,648","136,044","164,435","28,391","80,777","35,776",,,"1,071","10,724","33,988","2,099",,"-2,083","37,676","1,941","2,888","6,196",,"-18,227",2.24,0.90,,"82,029","14,674",,319,"97,022","14,886","30,188","81,720","164,435","136,044",1.30,1.32
PACE,12Nov2022,Mountain,N,"135,404","132,592","149,622","17,030","75,739","36,961",,,"1,061","9,151","24,262","2,448",,"-2,343","36,375","-1,224","1,739","5,824",,"-23,341",2.23,0.90,,"76,706","15,084",,246,"92,036","19,673","28,783","82,926","149,622","132,592",1.36,1.38
PACE,13Nov2022,Mountain,N,"136,006","129,737","151,249","21,512","85,053","35,238",,,983,"4,617","22,385","2,973",,"-4,004","43,799","-2,555","1,282","7,059",,"-24,069",2.24,0.90,,"86,408","14,457",,206,"101,071","18,659","34,676","85,054","151,249","129,737",1.47,1.45
PACE,14Nov2022,Mountain,N,"144,078","136,488","163,853","27,365","93,268","36,677",,,931,"9,409","20,521","3,047",,"-1,671","45,163",-522,"2,493","4,687",,"-22,785",2.24,0.90,,"94,646","14,963",,226,"109,835","17,420","35,814","91,440","163,853","136,488",1.48,1.48
PACE,15Nov2022,Mountain,N,"144,839","137,533","157,823","20,290","77,314","36,426",,,"1,015","9,862","30,072","3,134",,"-1,667","38,539","-2,640","1,480","6,240",,"-21,662",2.24,0.90,,"78,382","14,865",,294,"93,541","17,071","27,907","82,704","157,823","137,533",1.31,1.33
PACE,16Nov2022,Mountain,N,"146,121","137,890","164,589","26,699","78,280","36,067",,,983,"9,978","36,023","3,258",,"-1,230","37,723",807,"2,455","6,906",,"-19,962",2.23,0.90,,"79,337","14,725",,335,"94,397","14,704","28,407","80,693","164,589","137,890",1.26,1.29
PACE,17Nov2022,Mountain,N,"145,378","137,474","162,616","25,142","90,733","35,965",,,914,"9,490","22,282","3,232",,"-2,057","40,184",987,"3,375","6,242",,"-23,589",2.24,0.90,,"92,237","14,732",,239,"107,208","17,646","33,871","90,983","162,616","137,474",1.45,1.46
PACE,18Nov2022,Mountain,N,"147,058","138,898","153,999","15,101","85,228","35,457",,,840,"9,023","20,182","3,269",,-474,"32,053","-3,893","2,302","2,169",,"-17,056",2.24,0.90,,"86,684","14,492",,222,"101,398","14,404","25,135","90,668","153,999","138,898",1.45,1.44
PACE,19Nov2022,Mountain,N,"139,238","138,661","151,689","13,028","69,289","24,941",,,847,"9,534","43,798","3,280",,"-3,905","31,677","-1,007","2,026","3,365",,"-19,128",2.24,0.90,,"70,411","10,193",,383,"80,986","15,721","20,937","75,771","151,689","138,661",1.18,1.20
PACE,20Nov2022,Mountain,N,"137,724","136,474","155,768","19,294","70,183","28,222",,,845,"9,396","43,837","3,285",,"-4,802","37,931","1,967","3,499","3,404",,"-22,705",2.24,0.90,,"71,406","11,576",,382,"83,364","18,341","26,205","75,500","155,768","136,474",1.18,1.22
PACE,21Nov2022,Mountain,N,"144,066","143,896","164,127","20,231","84,597","35,563",,,778,"9,000","30,933","3,256",,"-3,873","38,777","2,049","4,272","1,769",,"-22,763",2.24,0.90,,"86,012","14,539",,293,"100,844","19,502","29,911","90,435","164,127","143,896",1.35,1.39
PACE,22Nov2022,Mountain,N,"144,524","138,968","161,775","22,807","83,988","35,521",,,878,"8,941","29,165","3,282",,"-3,935","40,063","2,883","5,203","1,403",,"-22,810",2.24,0.90,,"85,386","14,566",,282,"100,233","18,270","31,506","86,997","161,775","138,968",1.37,1.38
PACE,23Nov2022,Mountain,N,"143,741","142,353","159,172","16,819","76,944","34,453",,,954,"7,425","36,120","3,276",,"-5,140","38,287","2,722","5,456","2,103",,"-26,609",2.24,0.91,,"78,187","14,175",,318,"92,680","20,576","28,987","84,270","159,172","142,353",1.28,1.31
PACE,24Nov2022,Mountain,N,"136,300","128,255","151,390","23,135","82,591","34,579",,,"1,020","9,046","20,865","3,289",,"-4,373","46,282",487,"6,089","2,282",,"-27,632",2.24,0.91,,"83,887","14,270",,228,"98,385","20,631","36,272","82,744","151,390","128,255",1.43,1.42
PACE,25Nov2022,Mountain,N,"136,072","127,498","152,723","25,225","83,539","33,191",,,951,"8,914","22,842","3,286",,"-3,336","42,881","2,432","5,467","3,033",,"-25,252",2.24,0.91,,"84,771","13,637",,240,"98,648","21,090","35,577","84,161","152,723","127,498",1.42,1.46
PACE,26Nov2022,Mountain,N,"135,695","130,819","148,534","17,715","80,803","34,886",,,990,"4,450","24,140","3,265",,"-3,710","36,374","2,722","4,601","3,393",,"-25,665",2.24,0.91,,"81,965","14,346",,219,"96,530","18,964","31,000","84,494","148,534","130,819",1.43,1.42
PACE,27Nov2022,Mountain,N,"135,263","130,250","161,542","31,292","70,662","34,001",,,"1,000","7,811","44,797","3,271",,"-3,244","40,638","4,039","6,248","4,660",,"-21,049",2.24,0.90,,"71,688","13,955",,379,"86,022","17,507","31,095","72,434","161,542","130,250",1.17,1.23
PACE,28Nov2022,Mountain,N,"142,504","140,358","161,673","21,315","82,349","36,434",,,979,"5,557","33,169","3,185",,"-5,230","42,486","-1,148","3,776","4,359",,"-22,928",2.24,0.91,,"83,842","14,976",,286,"99,104","18,247","31,059","86,292","161,673","140,358",1.35,1.36
PACE,29Nov2022,Mountain,N,"148,591","139,144","170,567","31,423","97,370","38,658",,,920,"8,215","22,141","3,263",,"-7,487","47,049","-3,257","2,339","5,584",,"-12,805",2.25,0.91,,"99,188","15,895",,230,"115,313","13,074","37,133","91,254","170,567","139,144",1.49,1.45
PACE,30Nov2022,Mountain,N,"153,027","134,809","181,847","47,038","87,129","38,442",,,910,"8,310","43,776","3,280",,161,"40,538","2,483","4,105","4,752",,"-5,001",2.24,0.90,,"88,619","15,732",,375,"104,726","4,549","31,562","77,714","181,847","134,809",1.27,1.27
PACE,01Dec2022,Mountain,N,"146,799","132,012","170,081","38,069","68,137","39,201",,,942,"3,799","54,746","3,256",,-27,"44,959",609,748,"4,925",,"-13,145",2.25,0.91,,"69,543","16,106",,418,"86,067","8,614","26,877","67,804","170,081","132,012",1.12,1.13
PACE,02Dec2022,Mountain,N,"149,071","135,593","167,844","32,251","66,128","38,905",,,"1,004","7,158","51,421","3,228",,-27,"42,181","3,170",-846,"5,371",,"-17,598",2.25,0.91,,"67,422","16,019",,418,"83,859","11,126","26,191","68,794","167,844","135,593",1.10,1.12
PACE,03Dec2022,Mountain,N,"144,252","133,278","164,363","31,085","71,173","38,754",,,923,"3,379","46,897","3,237",,-27,"39,014","1,177","1,748","2,485",,"-13,312",2.24,0.90,,"72,167","15,874",,363,"88,404","9,151","24,714","72,841","164,363","133,278",1.19,1.20
PACE,04Dec2022,Mountain,N,"142,903","130,386","165,024","34,638","76,156","34,337",,,897,"5,590","44,823","3,221",,-25,"44,277","3,766","1,566","3,917",,"-18,863",2.24,0.90,,"77,289","14,077",,363,"91,729","13,045","30,503","74,272","165,024","130,386",1.23,1.26
PACE,05Dec2022,Mountain,N,"152,572","138,247","162,275","24,028","77,091","33,004",,,945,"2,864","45,185","3,186",,"-2,857","44,292","1,229",-971,"5,801",,"-23,466",2.24,0.91,,"78,364","13,556",,348,"92,267","18,953","31,007","80,213","162,275","138,247",1.25,1.28
PACE,06Dec2022,Mountain,N,"154,223","142,054","155,405","13,351","69,396","33,933",,,983,"3,741","44,185","3,167",,"-8,654","38,303","5,066",74,"3,922",,"-25,360",2.24,0.90,,"70,388","13,873",,347,"84,608","22,549","27,018","80,138","155,405","142,054",1.20,1.24
PACE,07Dec2022,Mountain,N,"155,096","140,898","155,761","14,863","83,573","38,621",,,"1,016","2,267","27,055","3,229",,"-1,374","42,532","-1,165",19,"1,379",,"-26,528",2.24,0.90,,"84,746","15,761",,224,"100,731","21,345","30,263","91,812","155,761","140,898",1.43,1.44
PACE,08Dec2022,Mountain,N,"155,249","141,877","171,214","29,337","82,536","39,490",,,978,"6,446","38,567","3,197",,"-4,661","48,214","2,552","2,776","4,483",,"-24,027",2.24,0.90,,"83,755","16,139",,328,"100,221","17,262","34,251","83,232","171,214","141,877",1.29,1.29
PACE,09Dec2022,Mountain,N,"154,177","141,585","177,454","35,869","82,485","37,201",,,942,"7,635","45,941","3,250",,"-1,314","45,194","4,545","5,000","3,615",,"-21,171",2.24,0.90,,"83,726","15,194",,385,"99,304","15,324","33,760","80,868","177,454","141,585",1.23,1.26
PACE,10Dec2022,Mountain,N,"143,867","135,531","164,333","28,802","71,497","36,586",,,914,"4,650","47,447","3,239",,"-2,008","39,329","1,513","4,223","3,198",,"-17,453",2.24,0.90,,"72,615","14,964",,375,"87,954","13,157","26,892","74,219","164,333","135,531",1.18,1.21
PACE,11Dec2022,Mountain,N,"141,976","131,328","163,660","32,332","82,665","33,659",,,972,"4,292","39,389","2,683",,"-4,872","45,894","4,698","3,254","7,262",,"-23,904",2.24,0.90,,"84,133","13,785",,315,"98,234","18,527","36,863","79,898","163,660","131,328",1.32,1.34
PACE,12Dec2022,Mountain,N,"153,589","143,055","162,119","19,064","103,263","34,046",,,987,"5,189","16,605","2,029",,"-3,614","42,078","5,844","1,508","4,208",,"-30,960",2.25,0.91,,"105,408","13,995",,165,"119,568","22,199","38,800","102,968","162,119","143,055",1.63,1.59
PACE,13Dec2022,Mountain,N,"156,759","152,921","170,243","17,322","91,209","34,564",,,972,"4,932","36,551","2,015",,"-5,148","37,503","6,002","1,810","3,744",,"-26,589",2.25,0.91,,"93,140","14,212",,296,"107,648","19,886","31,048","96,486","170,243","152,921",1.39,1.39
PACE,14Dec2022,Mountain,N,"157,586","152,619","171,056","18,437","89,466","34,218",,,978,"5,713","38,372","2,309",,"-3,599","38,248","4,148","3,450","2,300",,"-26,110",2.25,0.90,,"91,208","14,039",,316,"105,563","18,864","29,948","94,478","171,056","152,619",1.36,1.36
PACE,15Dec2022,Mountain,N,"158,378","156,591","172,542","15,951","89,645","34,499",,,980,"5,284","39,557","2,577",,"-3,986","37,554","5,048","2,238","1,918",,"-26,821",2.25,0.90,,"91,332","14,145",,322,"105,800","19,483","29,198","96,085","172,542","156,591",1.35,1.35
PACE,16Dec2022,Mountain,N,"159,634","154,650","170,980","16,330","80,746","34,997",,,896,"7,809","43,379","3,153",,"-4,488","40,463","5,673","1,965",-231,,"-27,052",2.24,0.90,,"82,217","14,352",,368,"96,937","20,631","28,583","88,985","170,980","154,650",1.25,1.27
PACE,17Dec2022,Mountain,N,"154,162","151,559","174,091","22,532","81,016","34,084",,,895,"8,546","46,376","3,174",,"-3,288","38,000","6,290","3,908","1,433",,"-23,811",2.24,0.90,,"82,401","13,934",,393,"96,728","18,439","28,477","86,689","174,091","151,559",1.22,1.26
PACE,18Dec2022,Mountain,N,"153,657","150,500","168,846","18,346","91,263","34,691",,,829,"8,234","30,690","3,139",,"-2,314","37,005","4,052","4,575",816,,"-25,788",2.24,0.90,,"92,855","14,178",,286,"107,319","21,702","30,773","98,248","168,846","150,500",1.40,1.44
PACE,19Dec2022,Mountain,N,"159,693","154,983","182,339","27,356","90,967","34,846",,,731,"8,055","44,694","3,046",,"-2,223","45,019","3,739","4,008","1,831",,"-25,018",2.25,0.90,,"92,661","14,251",,377,"107,288","20,564","33,785","94,066","182,339","154,983",1.30,1.34
PACE,20Dec2022,Mountain,N,"158,377","152,681","181,328","28,647","90,082","37,004",,,703,"3,503","46,972","3,064",,-35,"40,078","4,564","2,404","3,141",,"-21,505",2.24,0.90,,"91,673","15,100",,361,"107,135","16,641","30,972","92,804","181,328","152,681",1.30,1.34
PACE,21Dec2022,Mountain,N,"158,299","151,656","175,192","23,536","89,243","34,725",,,821,"7,440","40,130","2,833",,"-1,291","40,236",942,"1,793","7,250",,"-25,394",2.24,0.90,,"90,847","14,202",,341,"105,390","19,558","31,764","93,185","175,192","151,656",1.33,1.35
PACE,22Dec2022,Mountain,N,"162,791","150,213","170,654","20,441","105,475","36,501",,,872,"4,561","20,875","2,370",,"-4,056","45,348","-6,587","2,605","3,892",,"-20,761",2.24,0.90,,"107,369","14,931",,191,"122,490","19,350","36,584","105,256","170,654","150,213",1.58,1.54
PACE,23Dec2022,Mountain,N,"160,171","146,679","181,279","34,600","106,294","33,361",,,799,"5,628","32,933","2,264",,539,"39,299","-1,141","4,203","1,652",,"-9,952",2.25,0.90,,"108,319","13,555",,277,"122,151","8,895","32,125","98,922","181,279","146,679",1.49,1.49
PACE,24Dec2022,Mountain,N,"148,257","133,354","172,891","39,537","81,228","33,257",,,758,"7,337","47,954","2,357",,-67,"43,665","2,779","6,809","1,162",,"-14,811",2.25,0.90,,"82,815","13,520",,389,"96,724","11,913","32,525","76,112","172,891","133,354",1.23,1.26
PACE,25Dec2022,Mountain,N,"138,900","129,825","174,644","44,819","83,553","33,502",,,832,"7,031","47,347","2,379",,"-2,646","53,289","2,341","6,920","2,629",,"-17,714",2.25,0.90,,"85,301","13,668",,384,"99,352","13,559","38,282","74,629","174,644","129,825",1.25,1.27
PACE,26Dec2022,Mountain,N,"150,938","134,801","179,216","44,415","91,820","34,707",,,900,"4,257","45,173","2,359",,660,"46,267","2,682","8,918",119,,"-14,231",2.25,0.90,,"93,753","14,199",,351,"108,302","10,846","37,113","82,035","179,216","134,801",1.33,1.34
PACE,27Dec2022,Mountain,N,"151,881","147,415","175,415","28,000","88,161","33,913",,,"1,008","1,473","49,037","1,823",,"-5,454","36,539","8,220","7,457","-1,691",,"-17,071",2.25,0.90,,"90,042","13,893",,355,"104,291","15,023","31,195","88,119","175,415","147,415",1.31,1.32
PACE,28Dec2022,Mountain,N,"147,357","147,155","166,096","18,941","79,774","33,240",,,"1,137","2,873","47,523","1,549",,"-8,773","38,141","4,920","4,041","-1,015",,"-18,373",2.25,0.90,,"81,526","13,625",,354,"95,505","17,307","27,791","85,021","166,096","147,155",1.27,1.27
PACE,29Dec2022,Mountain,N,"149,700","147,943","158,757","10,814","71,330","35,291",,,"1,114","4,561","44,490","1,971",,"-10,597","38,735",360,"1,756","-2,768",,"-16,672",2.25,0.90,,"72,720","14,468",,347,"87,535","17,527","23,591","81,471","158,757","147,943",1.22,1.21
PACE,30Dec2022,Mountain,N,"147,207","149,920","158,072","8,152","66,061","33,744",,,"1,119","2,597","52,468","2,083",,"-10,505","33,636","2,325",-842,"-1,319",,"-15,143",2.24,0.90,,"67,063","13,777",,388,"81,228","17,042","19,646","78,624","158,072","149,920",1.13,1.16
PACE,31Dec2022,Mountain,N,"141,629","143,289","155,334","12,045","79,165","33,997",,,"1,093","2,386","36,139","2,554",,"-9,767","35,571","3,971","2,671","-1,394",,"-19,007",2.24,0.90,,"80,390","13,941",,281,"94,611","18,677","25,619","87,669","155,334","143,289",1.34,1.35
PACE,01Jan2023,Mountain,N,"134,232","141,601","152,912","11,311","90,768","34,234",,,"1,160",921,"22,771","3,058",,"-6,548","34,938","1,414","3,389","1,717",,"-23,599",2.23,0.90,,"91,995","13,982",,186,"106,163","21,240","29,033","98,370","152,912","141,601",1.53,1.53
PACE,02Jan2023,Mountain,N,"154,255","145,414","165,142","19,728","94,650","35,709",,,"1,091","2,325","28,256","3,111",,"-6,035","36,799","1,728","4,487",-96,,"-17,155",2.24,0.90,,"95,997","14,639",,232,"110,867","17,926","30,323","98,470","165,142","145,414",1.48,1.49
PACE,03Jan2023,Mountain,N,"156,362","150,738","168,930","18,192","101,173","33,003",,,"1,030","4,078","26,452","3,194",,"-4,808","37,378","1,000","5,958",-785,,"-20,551",2.24,0.90,,"102,685","13,529",,231,"116,446","18,780","31,291","103,935","168,930","150,738",1.52,1.52
PACE,04Jan2023,Mountain,N,"151,469","149,201","172,327","23,126","84,404","31,873",,,"1,004","4,885","46,993","3,168",,"-3,211","36,520","2,023","9,290",433,,"-21,929",2.24,0.90,,"85,667","13,051",,373,"99,092","16,479","28,584","86,986","172,327","149,201",1.27,1.29
PACE,05Jan2023,Mountain,N,"149,012","151,176","177,462","26,286","87,069","33,832",,,955,"3,208","49,131","3,267",,"-3,597","32,681","5,020","6,664","3,638",,"-18,120",2.24,0.90,,"88,311","13,819",,377,"102,507","14,507","28,297","88,718","177,462","151,176",1.27,1.29
PACE,06Jan2023,Mountain,N,"149,680","147,805","162,690","14,885","91,521","34,099",,,"1,008","4,685","28,110","3,267",,"-5,685","33,954","2,523","4,858",594,,"-21,359",2.24,0.90,,"93,026","13,956",,247,"107,229","18,697","28,506","97,419","162,690","147,805",1.45,1.45
PACE,07Jan2023,Mountain,N,"143,322","138,819","167,067","28,248","86,480","33,663",,,"1,017","5,445","37,116","3,346",,208,"30,786","6,704","5,020","4,076",,"-18,546",2.24,0.90,,"87,825","13,765",,313,"101,903","14,141","29,582","86,463","167,067","138,819",1.34,1.37
PACE,08Jan2023,Mountain,N,"143,153","139,714","171,204","31,490","86,506","33,469",,,"1,011","3,775","43,227","3,216",,"-1,415","36,028","5,922","5,062","7,365",,"-21,421",2.24,0.90,,"87,828","13,682",,341,"101,851","16,858","33,698","85,011","171,204","139,663",1.31,1.34
PACE,09Jan2023,Mountain,N,"151,403","144,807","173,561","28,754","84,424","33,667",,,"1,013","2,167","49,053","3,237",,"-2,745","34,121","6,387","3,782","7,671",,"-20,462",2.24,0.90,,"85,875","13,812",,369,"100,056","14,965","30,469","84,552","173,561","144,807",1.27,1.29
PACE,10Jan2023,Mountain,N,"150,519","142,600","167,719","25,119","92,015","32,603",,,"1,034","3,666","35,247","3,154",,"-3,912","34,477","5,460","4,332","6,782",,"-22,020",2.24,0.91,,"93,520","13,384",,287,"107,191","17,806","32,900","92,096","167,719","142,600",1.41,1.42
PACE,11Jan2023,Mountain,N,"150,297","139,871","176,590","36,719","99,094","33,261",,,"1,121","7,469","32,889","2,756",,"-1,434","40,214","4,619","9,374","5,669",,"-21,723",2.24,0.91,,"100,744","13,681",,295,"114,720","16,585","39,464","91,841","176,590","139,871",1.43,1.45
PACE,12Jan2023,Mountain,N,"150,424","139,770","167,058","27,288","78,197","32,990",,,"1,151","7,357","44,894","2,469",,-508,"31,562","6,264","6,707","1,635",,"-18,372",2.24,0.90,,"79,387","13,537",,372,"93,297","14,120","27,324","80,093","167,058","139,770",1.23,1.26
PACE,13Jan2023,Mountain,N,"148,491","137,482","165,241","27,759","84,273","33,682",,,"1,136","5,329","38,379","2,442",,"-1,808","35,734","4,638","7,709","1,458",,"-19,972",2.23,0.90,,"85,409","13,763",,315,"99,488","15,864","30,883","84,468","165,241","137,482",1.33,1.35
PACE,14Jan2023,Mountain,N,"138,748","134,821","175,464","40,643","96,452","33,971",,,"1,134","3,172","38,288","2,447",,"1,574","36,810","5,193","11,774","2,445",,"-17,153",2.25,0.91,,"98,324","13,984",,300,"112,608","12,658","37,562","87,704","175,464","134,821",1.41,1.43
PACE,15Jan2023,Mountain,N,"140,208","135,962","165,431","29,469","105,422","32,339",,,"1,117","3,647","20,538","2,368",,-780,"38,409","4,005","8,378","3,920",,"-24,463",2.25,0.91,,"107,478","13,336",,184,"120,998","18,395","40,002","99,390","165,431","135,962",1.61,1.61
PACE,16Jan2023,Mountain,N,"148,139","143,311","168,180","24,869","93,664","32,935",,,"1,073","3,285","34,585","2,638",,"-1,338","34,186","4,858","6,627","2,030",,"-21,494",2.24,0.91,,"95,261","13,530",,277,"109,068","16,635","31,442","94,260","168,180","143,311",1.43,1.45
PACE,17Jan2023,Mountain,N,"151,334","146,101","154,511","8,410","109,674","33,204",,,"1,058","3,383","3,980","3,212",,"-1,544","29,094","3,185","5,044","-4,033",,"-23,336",2.24,0.90,,"111,203","13,565",,78,"124,846","21,280","30,395","115,730","154,525","146,115",1.78,1.75
PACE,18Jan2023,Mountain,N,"157,491","142,212","167,289","25,077","96,845","32,236",,,"1,017","6,731","27,264","3,196",,-801,"35,959","2,822","8,050","-3,512",,"-17,441",2.24,0.90,,"98,290","13,223",,255,"111,768","14,838","32,233","94,373","167,289","142,212",1.47,1.46
PACE,19Jan2023,Mountain,N,"154,692","147,680","169,596","21,916","97,730","33,643",,,"1,013","3,114","30,807","3,289",,923,"32,174","2,034","6,294","-2,959",,"-16,550",2.23,0.90,,"99,057","13,759",,255,"113,071","13,329","28,386","98,014","169,596","147,680",1.47,1.46
PACE,20Jan2023,Mountain,N,"155,136","150,189","167,629","17,440","117,463","34,225",,,960,"4,506","7,206","3,269",,-10,"33,212","1,572","3,209","-1,509",,"-19,034",2.23,0.90,,"118,920","13,985",,106,"133,011","15,850","32,162","116,699","167,629","150,189",1.75,1.71
PACE,21Jan2023,Mountain,N,"148,197","147,780","177,089","29,309","98,844","33,329",,,970,"8,631","32,748","2,567",,-195,"35,187","3,258","5,441","1,175",,"-15,557",2.24,0.90,,"100,308","13,659",,299,"114,266","10,290","30,617","93,940","177,089","147,780",1.42,1.40
PACE,22Jan2023,Mountain,N,"148,497","148,068","167,153","19,085","99,869","33,737",,,901,"3,671","26,665","2,310",,"1,249","27,410","1,599","4,200",556,,"-15,929",2.24,0.90,,"101,357","13,765",,223,"115,345","12,396","25,682","102,059","167,153","148,068",1.52,1.52
PACE,23Jan2023,Mountain,N,"156,149","148,503","169,505","21,002","109,872","32,546",,,865,"7,957","16,026","2,239",,"1,480","30,777","1,505","7,023","-1,571",,"-18,212",2.24,0.90,,"111,450","13,287",,180,"124,917","15,206","31,537","108,587","169,505","148,503",1.62,1.61
PACE,24Jan2023,Mountain,N,"157,036","149,305","177,624","28,319","96,884","34,233",,,891,"9,482","33,831","2,303",,"4,861","28,921","3,716","8,682","-2,562",,"-15,299",2.24,0.90,,"98,278","13,981",,310,"112,569","11,499","30,189","93,880","177,624","149,305",1.40,1.39
PACE,25Jan2023,Mountain,N,"157,209","144,743","174,993","30,250","89,654","34,451",,,928,"5,698","41,969","2,293",,"3,918","30,786","3,708","6,683","-1,277",,"-13,568",2.24,0.90,,"91,033","14,137",,339,"105,509","10,158","28,434","87,234","174,993","144,743",1.33,1.33
PACE,26Jan2023,Mountain,N,"154,970","148,922","173,022","24,100","77,073","32,325",,,899,"9,122","51,314","2,289",,"1,488","27,841","5,459","6,173","-2,316",,"-14,545",2.24,0.90,,"78,295","13,221",,424,"91,941","11,380","23,205","80,115","173,022","148,922",1.17,1.19
PACE,27Jan2023,Mountain,N,"150,538","152,568","159,891","7,323","63,644","31,961",,,909,"8,020","53,057","2,300",,"-2,794","22,513","5,495","3,729",-118,,"-21,502",2.24,0.90,,"64,777","13,106",,428,"78,311","15,845","16,895","77,260","159,891","152,568",1.08,1.12
PACE,28Jan2023,Mountain,N,"145,660","138,646","141,890","3,244","68,276","34,173",,,914,"8,575","27,652","2,300",,"-3,225","24,435","3,556","3,659","-1,517",,"-23,664",2.24,0.91,,"69,409","14,063",,263,"83,734","18,850","19,828","82,756","141,890","138,646",1.30,1.32
PACE,29Jan2023,Mountain,N,"149,289","139,392","135,754","-3,638","81,114","33,911",,,899,"6,131","10,670","3,029",,"-1,630","24,724",-472,"1,159","-4,465",,"-22,954",2.23,0.90,,"82,228","13,901",,138,"96,267","21,601","19,633","98,235","135,754","139,392",1.56,1.55
PACE,30Jan2023,Mountain,N,"162,263","158,082","153,734","-4,348","83,658","36,201",,,804,"5,821","24,454","2,796",,-590,"15,631","-6,360","1,025","-2,473",,"-11,581",2.23,0.90,,"84,615","14,767",,226,"99,607","14,359","12,053","101,913","153,734","158,082",1.43,1.42
PACE,31Jan2023,Mountain,N,"161,678","160,607","181,052","20,445","79,382","37,828",,,770,"10,698","49,804","2,570",,"1,114","26,022","2,063","3,779",350,,"-12,883",2.23,0.90,,"80,251","15,428",,425,"96,103","10,082","19,478","86,708","181,052","160,607",1.17,1.19
PACE,01Feb2023,Mountain,N,"155,929","152,581","179,241","26,660","75,757","37,262",,,725,"10,936","51,431","3,130",,"1,380","27,792","2,959","5,673","1,191",,"-12,335",2.23,0.90,,"76,624","15,187",,441,"92,253","9,832","21,889","80,196","179,241","152,581",1.13,1.16
PACE,02Feb2023,Mountain,N,"153,216","148,599","173,074","24,475","80,048","29,806",,,748,"10,929","48,395","3,148",,912,"28,797","2,755","7,257","-1,000",,"-14,246",2.24,0.90,,"81,165","12,171",,421,"93,757","10,751","23,413","81,096","173,074","148,599",1.19,1.20
PACE,03Feb2023,Mountain,N,"150,052","151,233","159,264","8,031","74,899","29,417",,,884,"6,706","44,142","3,216",,"-2,790","28,093","2,222","2,999","-1,331",,"-21,162",2.24,0.90,,"76,209","12,027",,366,"88,602","16,188","20,099","84,690","159,264","151,233",1.23,1.23
PACE,04Feb2023,Mountain,N,"140,344","144,865","146,982","2,117","55,982","35,409",,,"1,022","9,606","41,788","3,175",,"-5,187","28,607",949,"3,289",-696,,"-24,845",2.25,0.90,,"57,190","14,514",,370,"72,074","18,803","17,327","73,550","146,982","144,865",1.08,1.12
PACE,05Feb2023,Mountain,N,"141,299","144,200","138,565","-5,635","51,200","34,805",,,"1,041","6,124","42,231","3,164",,"-7,766","26,005",-799,374,-441,,"-23,008",2.24,0.90,,"52,120","14,237",,350,"66,707","19,362","14,480","71,589","138,565","144,200",1.06,1.09
PACE,06Feb2023,Mountain,N,"151,661","147,551","144,198","-3,353","50,648","36,181",,,"1,047","5,604","47,527","3,191",,"-8,235","24,649","1,510","2,433","-2,737",,"-20,973",2.25,0.91,,"51,689","14,901",,382,"66,972","17,284","14,198","70,058","144,198","147,551",1.02,1.05
PACE,07Feb2023,Mountain,N,"153,387","145,155","159,555","14,400","58,946","36,416",,,"1,068","10,521","49,414","3,190",,"-5,169","29,203","3,057","3,659",-264,,"-16,086",2.24,0.90,,"59,939","14,929",,428,"75,296","14,444","18,408","71,332","159,555","145,155",1.04,1.08
PACE,08Feb2023,Mountain,N,"151,835","145,757","164,753","18,996","62,169","36,901",,,"1,055","10,985","50,439","3,204",,"-5,567","30,549","3,029","5,848","2,248",,"-17,111",2.24,0.90,,"63,099","15,075",,438,"78,612","13,968","20,545","72,034","164,753","145,757",1.05,1.09
PACE,09Feb2023,Mountain,N,"154,429","145,967","150,991","5,024","67,672","36,605",,,"1,070","11,966","30,447","3,231",,"-7,078","28,255",-368,"3,858",-367,,"-19,276",2.24,0.91,,"68,808","15,043",,311,"84,162","16,091","18,963","81,289","150,991","145,967",1.23,1.23
PACE,10Feb2023,Mountain,N,"154,020","144,993","159,326","14,333","64,174","37,447",,,"1,021","11,893","41,568","3,223",,"-4,134","26,894","1,673","4,511",977,,"-15,588",2.23,0.90,,"65,047","15,331",,384,"80,762","13,350","18,207","75,905","159,326","144,993",1.12,1.15
PACE,11Feb2023,Mountain,N,"144,087","140,764","135,877","-4,887","66,290","36,820",,,"1,009","6,429","22,044","3,285",,"-7,994","26,869",108,"1,426","-1,005",,"-24,291",2.24,0.90,,"67,206","15,078",,218,"82,503","21,038","18,445","85,097","135,877","140,764",1.34,1.33
PACE,12Feb2023,Mountain,N,"143,700","137,277","147,329","10,052","66,957","38,612",,,"1,090","11,156","26,364","3,150",,"-4,746","30,274",173,"5,248","-1,043",,"-19,854",2.24,0.91,,"68,104","15,861",,278,"84,242","16,420","21,332","79,331","147,329","137,277",1.26,1.27
PACE,13Feb2023,Mountain,N,"150,950","145,286","137,684","-7,602","55,812","36,566",,,"1,099","10,769","30,517","2,921",,"-6,447","15,871","2,040","3,309","-3,051",,"-19,324",2.24,0.90,,"56,741","14,986",,302,"72,028","17,315","11,462","77,881","137,684","145,286",1.15,1.18
PACE,14Feb2023,Mountain,N,"156,063","146,240","161,488","15,248","72,574","37,350",,,"1,107","3,180","44,791","2,486",,"-7,579","30,840","5,362","4,041","2,251",,"-19,667",2.25,0.91,,"73,946","15,360",,343,"89,650","15,550","23,625","81,575","161,488","146,240",1.22,1.23
PACE,15Feb2023,Mountain,N,"157,269","147,641","140,090","-7,551","71,818","35,639",,,"1,097","7,533","21,057","2,946",,"-8,631","24,070",706,"1,827","1,078",,"-26,601",2.24,0.91,,"73,063","14,642",,217,"87,922","20,302","17,869","90,355","140,090","147,641",1.38,1.35
PACE,16Feb2023,Mountain,N,"157,609","147,645","154,118","6,473","71,322","32,933",,,"1,060","11,882","33,973","2,948",,"-5,493","23,549","3,416","4,408","1,483",,"-20,890",2.24,0.90,,"72,432","13,487",,332,"86,252","16,214","18,852","83,614","154,118","147,645",1.23,1.25
PACE,17Feb2023,Mountain,N,"154,486","153,035","149,391","-3,644","65,900","32,572",,,"1,044","9,947","36,993","2,935",,"-5,230","17,651","2,460","3,998",993,,"-23,516",2.24,0.90,,"66,809","13,325",,339,"80,473","18,067","14,112","84,428","149,391","153,035",1.19,1.22
PACE,18Feb2023,Mountain,N,"144,083","148,067","149,420","1,353","55,625","33,421",,,"1,016","11,983","44,464","2,911",,"-8,453","24,183","3,933","4,548","1,849",,"-24,707",2.24,0.91,,"56,573","13,724",,402,"70,699","20,071","16,842","73,928","149,420","148,067",1.04,1.10
PACE,19Feb2023,Mountain,N,"142,332","141,808","148,891","7,083","50,385","33,401",,,"1,061","12,357","48,847","2,840",,"-5,094","25,410","3,788","5,242",-363,,"-21,900",2.24,0.91,,"51,195","13,715",,434,"65,344","17,697","16,565","66,476","148,891","141,808",0.97,1.03
PACE,20Feb2023,Mountain,N,"148,278","147,059","147,993",934,"52,930","34,155",,,"1,077","8,813","48,165","2,853",,"-3,419","21,782","3,580","1,840",-557,,"-22,292",2.24,0.91,,"53,732","14,023",,406,"68,160","17,719","14,359","71,520","147,993","147,059",1.02,1.07
PACE,21Feb2023,Mountain,N,"151,139","150,170","145,652","-4,518","56,441","34,236",,,"1,152","6,934","43,870","3,019",,"-3,401","18,615","2,977",362,"-1,564",,"-21,507",2.24,0.90,,"57,317","14,052",,366,"71,735","16,625","11,519","76,840","145,652","150,170",1.09,1.13
PACE,22Feb2023,Mountain,N,"156,245","152,976","137,435","-15,541","65,727","39,116",,,"1,171","5,860","23,165","2,396",,"-6,076","17,879",-525,"-1,064","2,363",,"-28,118",2.24,0.91,,"66,779","16,075",,217,"83,071","21,851","12,845","92,077","137,435","152,976",1.33,1.33
PACE,23Feb2023,Mountain,N,"157,850","150,420","141,734","-8,686","83,239","38,965",,,"1,094","8,223","7,063","3,150",,"-7,290","24,350",-425,-290,"4,903",,"-29,934",2.23,0.90,,"84,353","15,953",,130,"100,436","24,379","20,926","103,888","141,734","150,420",1.56,1.52
PACE,24Feb2023,Mountain,N,"155,076","144,999","172,398","27,399","96,989","38,816",,,"1,096","10,439","21,862","3,196",,"-1,025","38,345","3,858","3,827","8,363",,"-25,969",2.23,0.90,,"98,115","15,810",,244,"114,169","17,919","36,107","95,981","172,398","144,999",1.46,1.46
PACE,25Feb2023,Mountain,N,"144,506","138,256","150,632","12,376","74,461","34,831",,,"1,081","10,959","26,122","3,178",,476,"28,304","2,814","2,110","3,362",,"-24,690",2.23,0.90,,"75,291","14,230",,275,"89,797","17,379","23,535","83,641","150,632","138,256",1.31,1.33
PACE,26Feb2023,Mountain,N,"142,729","139,511","145,528","6,017","68,380","33,239",,,"1,107","10,868","28,798","3,136",,"-1,143","28,741","1,114","2,506",832,,"-26,033",2.24,0.91,,"69,370","13,666",,292,"83,329","18,375","20,654","81,050","145,528","139,511",1.26,1.28
PACE,27Feb2023,Mountain,N,"151,973","144,875","158,240","13,365","68,841","37,040",,,"1,116","8,999","39,200","3,044",,"-4,651","34,923","3,560","3,467","1,731",,"-25,665",2.24,0.91,,"69,877","15,226",,349,"85,451","19,508","25,173","79,786","158,240","144,875",1.19,1.21
PACE,28Feb2023,Mountain,N,"150,239","146,546","147,006",460,"59,228","35,029",,,"1,102","9,742","38,814","3,091",,"-9,294","33,194","2,289","1,105","2,714",,"-29,548",2.24,0.91,,"60,103","14,387",,351,"74,842","22,308","20,910","76,240","147,006","146,546",1.12,1.15
PACE,01Mar2023,Mountain,N,"152,386","147,988","128,969","-19,019","66,730","37,499",,,"1,124","6,417","14,042","3,157",,"-6,759","18,066","1,559","2,174","-2,772",,"-31,287",2.23,0.91,,"67,638","15,398",,165,"83,201","26,097","14,282","95,015","128,969","147,988",1.42,1.42
PACE,02Mar2023,Mountain,N,"153,182","147,928","149,308","1,380","58,657","34,455",,,"1,087","12,519","39,474","3,116",,"-4,839","21,177","2,547","5,141",616,,"-23,262",2.23,0.90,,"59,435","14,135",,374,"73,945","19,776","15,913","77,809","149,308","147,928",1.09,1.16
PACE,03Mar2023,Mountain,N,"149,664","147,414","145,477","-1,937","58,026","35,433",,,"1,098","11,614","36,178","3,128",,"-8,043","26,218","3,086","3,928",674,,"-27,800",2.23,0.90,,"58,773","14,533",,346,"73,653","23,126","18,897","77,882","145,477","147,414",1.12,1.16
PACE,04Mar2023,Mountain,N,"142,469","145,183","130,966","-14,217","65,577","37,085",,,"1,059","7,172","16,937","3,136",,"-8,858","25,800","-1,152",394,911,,"-31,312",2.23,0.90,,"66,355","15,213",,189,"81,757","24,726","17,599","88,884","130,966","145,183",1.38,1.35
PACE,05Mar2023,Mountain,N,"141,306","140,198","137,698","-2,500","61,498","36,609",,,"1,067","12,302","23,092","3,130",,"-10,007","30,786",-833,"3,007","4,957",,"-30,410",2.24,0.91,,"62,418","15,091",,264,"77,773","23,614","21,594","79,792","137,698","140,198",1.25,1.25
PACE,06Mar2023,Mountain,N,"150,438","148,847","136,525","-12,322","72,007","38,253",,,"1,061","8,014","14,034","3,156",,"-11,024","28,065",-954,938,"3,743",,"-33,090",2.24,0.91,,"73,068","15,725",,175,"88,968","26,489","21,757","93,700","136,525","148,847",1.44,1.39
PACE,07Mar2023,Mountain,N,"148,925","147,903","144,928","-2,975","82,467","38,126",,,968,"11,887","8,302","3,178",,"-7,693","23,887","-1,966","1,695",-542,,"-18,356",2.23,0.90,,"83,572","15,596",,162,"99,330","18,091","18,433","98,988","144,928","147,903",1.51,1.48
PACE,08Mar2023,Mountain,N,"148,851","150,856","142,891","-7,965","72,457","36,662",,,"1,042","11,277","18,339","3,114",,"-7,995","23,579","-4,058","1,336",383,,"-21,210",2.23,0.90,,"73,437","14,965",,225,"88,628","20,402","16,193","92,836","142,891","150,856",1.37,1.36
PACE,09Mar2023,Mountain,N,"147,105","147,034","157,658","10,624","72,340","39,642",,,"1,117","13,199","28,220","3,140",,"-5,558","27,352",567,"5,377","2,830",,"-19,944",2.23,0.90,,"73,263","16,203",,304,"89,770","16,118","20,828","85,060","157,658","147,034",1.26,1.28
PACE,10Mar2023,Mountain,N,"142,653","143,979","134,379","-9,600","49,409","34,602",,,"1,140","4,521","41,657","3,050",,"-9,951","23,102","1,851",539,"2,478",,"-27,619",2.24,0.90,,"50,166","14,186",,336,"64,688","20,561","14,152","71,098","134,379","143,979",1.06,1.09
PACE,11Mar2023,Mountain,N,"136,838","135,461","130,430","-5,031","46,694","33,921",,,"1,176","6,226","39,380","3,033",,"-11,253","30,279","1,360",-425,"1,749",,"-26,744",2.24,0.91,,"47,496","13,969",,332,"61,798","20,935","16,681","66,052","130,430","135,464",1.04,1.07
PACE,12Mar2023,Mountain,N,"130,450","127,183","107,460","-19,723","54,589","34,109",,,"1,160","9,075","5,547","2,980",,"-7,774","20,766","-2,764","-1,897",710,,"-28,764",2.25,0.91,,"55,607","14,012",,125,"69,744","23,638","13,771","79,611","107,460","127,183",1.43,1.38
PACE,13Mar2023,Mountain,N,"139,601","136,107","129,058","-7,049","46,776","34,636",,,"1,265","10,164","33,104","3,113",,"-5,098","18,187",-547,106,"2,214",,"-21,911",2.24,0.90,,"47,589","14,184",,317,"62,091","17,375","10,878","68,587","129,058","136,107",1.06,1.11
PACE,14Mar2023,Mountain,N,"136,580","134,990","141,255","6,265","49,330","36,748",,,"1,302","6,103","44,685","3,087",,"-7,328","24,309","1,140","2,479","4,105",,"-18,440",2.25,0.91,,"50,283","15,085",,368,"65,736","14,717","15,455","64,998","141,255","134,990",1.03,1.06
PACE,15Mar2023,Mountain,N,"136,612","138,250","135,687","-2,563","46,128","33,530",,,"1,384","2,948","48,594","3,103",,"-10,881","22,893","2,828","1,010","5,054",,"-23,467",2.25,0.91,,"47,123","13,816",,373,"61,313","18,899","15,173","65,038","135,687","138,250",1.00,1.04
PACE,16Mar2023,Mountain,N,"142,588","137,543","119,303","-18,240","51,615","32,578",,,"1,453","11,696","18,745","3,216",,"-11,893","21,528","-1,081",-155,"2,908",,"-29,547",2.25,0.91,,"52,589","13,425",,234,"66,248","22,645","13,668","75,224","119,303","137,543",1.22,1.21
PACE,17Mar2023,Mountain,N,"143,086","139,086","122,656","-16,430","45,203","33,301",,,"1,519","14,834","24,590","3,209",,"-8,707","16,547","-1,673",669,"3,479",,"-26,745",2.24,0.90,,"45,957","13,663",,294,"59,913","20,870","9,833","70,950","122,656","139,086",1.08,1.12
PACE,18Mar2023,Mountain,N,"135,375","132,469","120,605","-11,864","39,904","34,665",,,"1,511","14,906","26,419","3,200",,"-8,507","18,902","-1,155","1,554",679,,"-23,337",2.24,0.90,,"40,472","14,205",,307,"54,983","18,773","10,312","63,445","120,605","132,469",1.01,1.06
PACE,19Mar2023,Mountain,N,"132,772","132,550","123,894","-8,656","40,298","36,296",,,"1,384","7,711","35,015","3,190",,"-9,539","19,957",884,"1,353","1,085",,"-22,396",2.24,0.90,,"40,922","14,878",,315,"56,115","17,777","10,897","62,994","123,894","132,550",1.00,1.05
PACE,20Mar2023,Mountain,N,"137,509","143,403","121,283","-22,120","58,307","35,937",,,"1,308","5,813","16,808","3,110",,"-11,354","18,102","-1,977",-593,131,,"-26,429",2.25,0.90,,"59,391","14,743",,180,"74,314","22,380","11,637","85,057","121,283","143,403",1.35,1.31
PACE,21Mar2023,Mountain,N,"139,737","141,759","136,646","-5,113","56,576","37,841",,,"1,335","7,099","30,652","3,143",,"-7,523","21,957","3,337","3,827",992,,"-27,703",2.24,0.91,,"57,580","15,551",,281,"73,412","21,143","16,354","78,201","136,646","141,759",1.18,1.22
PACE,22Mar2023,Mountain,N,"139,875","144,791","120,603","-24,188","54,574","36,338",,,"1,407","10,447","14,772","3,065",,"-11,642","18,657",-143,604,859,,"-32,523",2.24,0.90,,"55,566","14,916",,198,"70,680","26,005","12,535","84,150","120,603","144,791",1.29,1.28
PACE,23Mar2023,Mountain,N,"140,225","140,482","129,257","-11,225","42,641","35,005",,,"1,370","11,084","36,012","3,145",,"-8,994","16,922","1,872",632,933,,"-22,590",2.24,0.90,,"43,321","14,306",,344,"57,971","18,991","10,010","66,951","129,257","140,482",0.99,1.05
PACE,24Mar2023,Mountain,N,"142,735","140,554","127,255","-13,299","41,327","28,928",,,"1,365","11,765","41,009","2,861",,"-10,747","20,927",-70,"-1,173",-310,,"-21,926",2.24,0.90,,"41,941","11,801",,380,"54,122","20,471","10,708","63,885","127,255","140,554",0.94,1.00
PACE,25Mar2023,Mountain,N,"138,125","137,902","134,941","-2,961","35,507","27,548",,,"1,369","13,949","53,362","3,206",,"-9,885","22,784","-1,034",-128,"3,090",,"-17,788",2.24,0.90,,"36,036","11,269",,479,"47,784","14,606","10,244","52,146","134,941","137,902",0.78,0.83
PACE,26Mar2023,Mountain,N,"138,691","138,093","116,789","-21,304","41,094","32,983",,,"1,311","9,375","28,800","3,226",,"-8,361","12,776","-3,014","-3,854","1,447",,"-20,298",2.24,0.90,,"41,698","13,484",,285,"55,467","18,309","6,883","66,892","116,789","138,093",1.05,1.07
PACE,27Mar2023,Mountain,N,"145,241","147,037","129,699","-17,338","50,956","35,254",,,"1,262","15,702","23,322","3,203",,"-9,048","19,673","-4,216",-778,823,,"-23,792",2.24,0.90,,"51,703","14,377",,290,"66,370","20,651","10,754","76,267","129,699","147,037",1.13,1.14
PACE,28Mar2023,Mountain,N,"142,809","143,980","143,688",-292,"50,480","35,337",,,"1,216","14,483","39,029","3,143",,"-7,473","25,669",-763,250,"2,928",,"-20,903",2.24,0.90,,"51,277","14,456",,385,"66,118","17,086","14,347","68,857","143,688","143,980",1.01,1.05
PACE,29Mar2023,Mountain,N,"140,035","138,935","116,645","-22,290","54,614","35,230",,,"1,158","10,908","11,602","3,133",,"-10,518","24,108","-1,470","-2,332",-97,,"-31,981",2.24,0.90,,"55,492","14,433",,179,"70,103","25,432","14,852","80,683","116,645","138,935",1.32,1.28
PACE,30Mar2023,Mountain,N,"140,494","145,147","127,282","-17,865","51,874","33,930",,,"1,262","7,920","29,189","3,107",,"-11,534","20,298",-423,691,"1,146",,"-28,043",2.24,0.91,,"52,790","13,954",,276,"67,020","21,038","12,720","75,338","127,282","145,147",1.16,1.14
PACE,31Mar2023,Mountain,N,"140,420","145,006","145,937",931,"48,138","32,412",,,"1,387","13,735","47,126","3,139",,"-8,963","29,479","-1,044","5,224","2,541",,"-26,306",2.24,0.91,,"48,986","13,330",,436,"62,752","17,901","16,924","63,729","145,937","145,006",0.95,0.97
PACE,01Apr2023,Mountain,N,"129,166","134,787","140,427","5,640","35,474","28,175",,,"1,266","15,590","56,801","3,121",,"-7,209","23,902","1,397","3,244",646,,"-16,340",2.24,0.90,,"36,050","11,549",,511,"48,111","12,898","11,330","49,679","140,427","134,787",0.76,0.81
PACE,02Apr2023,Mountain,N,"129,020","133,427","131,778","-1,649","39,632","29,782",,,"1,222","14,505","43,605","3,032",,"-8,846","28,777",785,657,-138,,"-22,884",2.24,0.91,,"40,344","12,255",,415,"53,014","16,268","13,049","56,233","131,778","133,427",0.89,0.93
PACE,03Apr2023,Mountain,N,"140,170","147,669","119,510","-28,159","46,885","34,731",,,"1,361","4,779","28,705","3,049",,"-10,942","17,001",412,"-3,837",-747,,"-30,046",2.24,0.90,,"47,730","14,218",,252,"62,200","20,871","9,000","74,072","119,510","147,669",1.15,1.11
PACE,04Apr2023,Mountain,N,"143,854","147,411","134,359","-13,052","49,102","34,659",,,"1,422","12,390","33,685","3,101",,"-5,612","19,580",583,"-1,100","-1,410",,"-25,093",2.24,0.90,,"49,993","14,215",,337,"64,544","16,420","10,075","70,889","134,359","147,411",1.06,1.06
PACE,05Apr2023,Mountain,N,"144,767","144,534","137,081","-7,453","50,027","33,292",,,"1,535","15,193","33,853","3,181",,"-3,103","16,851",664,109,"-4,655",,"-17,319",2.24,0.90,,"50,912","13,654",,358,"64,924","13,467","9,119","69,272","137,081","144,534",1.04,1.06
PACE,06Apr2023,Mountain,N,"144,446","142,357","147,434","5,077","43,183","34,941",,,"1,478","15,828","48,787","3,217",,"-4,017","18,463",971,"1,327","-2,092",,"-9,575",2.24,0.90,,"43,868","14,286",,462,"58,616","8,197","8,630","58,184","147,434","142,357",0.88,0.90
PACE,07Apr2023,Mountain,N,"138,627","134,609","110,196","-24,413","40,264","31,816",,,"1,500","13,498","19,934","3,184",,"-7,539","8,896",-13,"-3,339","-3,788",,"-18,630",2.24,0.90,,"40,919","13,049",,254,"54,222","16,115","4,398","65,939","110,196","134,609",1.08,1.08
PACE,08Apr2023,Mountain,N,"129,090","126,381","107,925","-18,456","36,780","29,747",,,"1,555","14,727","21,968","3,148",,"-5,369","9,109",-143,"-2,209","-3,175",,"-16,669",2.24,0.91,,"37,420","12,225",,276,"49,921","14,584","4,310","60,195","107,925","126,381",1.02,1.05
PACE,09Apr2023,Mountain,N,"123,889","123,514","122,838",-676,"37,290","29,572",,,"1,716","17,084","34,046","3,130",,"-3,998","15,733",622,"1,215","-2,423",,"-11,825",2.24,0.91,,"37,902","12,148",,373,"50,423","9,862","7,489","52,796","122,838","123,514",0.90,0.94
PACE,10Apr2023,Mountain,N,"132,523","131,690","128,022","-3,668","41,045","28,403",,,"1,595","17,419","36,895","2,665",,"-4,052","13,286",819,676,"-2,063",,"-12,334",2.24,0.90,,"41,663","11,616",,390,"53,670","11,166","6,614","58,222","128,022","131,690",0.92,0.97
PACE,11Apr2023,Mountain,N,"130,556","131,525","113,445","-18,080","34,061","28,083",,,"1,717","17,001","29,947","2,636",,"-4,388","4,274","2,096",532,"-3,722",,"-16,872",2.24,0.90,,"34,640","11,519",,342,"46,500","12,845","3,604","55,741","113,445","131,525",0.90,0.93
PACE,12Apr2023,Mountain,N,"131,526","129,637","106,246","-23,391","41,590","28,038",,,"1,883","9,225","22,810","2,700",,,,,,,,,2.24,0.90,,"42,325","11,495",,244,"54,064",,,,"106,246",,1.12,
PACE,13Apr2023,Mountain,N,"134,494","134,494","107,170",,"42,023","27,956",,,"1,903","9,225","23,365","2,698",,"-5,394","19,710",-376,546,-371,,"-20,008",2.25,0.91,,"42,806","11,482",,248,"54,536","14,086","11,976","56,646","107,170","113,063",1.12,1.10
PACE,14Apr2023,Mountain,N,,"134,389","115,121","-19,268","52,623","28,799",,,"2,275","16,968","11,730","2,726",,"-9,108","17,565","-3,099",-939,"-1,024",,"-22,663",2.25,0.91,,"53,664","11,827",,224,"65,715","15,099","9,696","71,119","115,121","134,389",1.26,1.17
PACE,15Apr2023,Mountain,N,"127,754","127,904","118,617","-9,287","46,489","27,732",,,"2,218","18,021","21,205","2,952",,"-6,666","18,330","-1,940","1,984","1,321",,"-22,316",2.25,0.90,,"47,400","11,369",,296,"59,065","14,634","10,087","63,612","118,617","127,904",1.10,1.10
PACE,16Apr2023,Mountain,N,"124,653","124,519","124,327",-192,"40,245","28,188",,,"2,101","17,755","33,053","2,985",,"-1,079","13,404",187,"1,327","2,611",,"-16,642",2.25,0.90,,"41,021","11,530",,372,"52,924","11,460","8,442","55,942","124,327","124,519",0.94,0.99
PACE,17Apr2023,Mountain,N,"132,503","129,752","124,831","-4,921","43,626","28,710",,,"2,062","15,690","31,722","3,021",,"-2,572","18,209","-2,236",-936,"1,881",,"-19,267",2.25,0.90,,"44,513","11,750",,350,"56,612","13,273","9,761","60,124","124,831","129,752",1.00,1.02
PACE,18Apr2023,Mountain,N,"130,600","131,736","123,244","-8,492","45,026","28,429",,,"2,130","13,259","31,436","2,964",,"-4,480","20,571","-1,911","-1,303","1,502",,"-22,871",2.25,0.91,,"45,917","11,678",,332,"57,927","13,981","10,466","61,443","123,244","131,736",1.04,1.03
PACE,19Apr2023,Mountain,N,"133,832","135,352","140,732","5,380","44,059","27,696",,,"2,180","15,867","47,774","3,156",,"-4,872","30,080","-1,767",315,"3,857",,"-22,233",2.25,0.91,,"44,933","11,374",,459,"56,766","12,550","14,564","54,752","140,732","135,352",0.89,0.89
PACE,20Apr2023,Mountain,N,"135,250","138,006","135,156","-2,850","41,431","28,512",,,"2,137","17,531","42,412","3,133",,"-5,627","26,608","-2,288","-1,639","5,245",,"-25,149",2.25,0.90,,"42,252","11,688",,434,"54,374","13,750","12,633","55,491","135,156","138,006",0.89,0.89
PACE,21Apr2023,Mountain,N,"133,639","136,800","122,943","-13,857","43,246","27,936",,,"2,130","13,199","33,353","3,079",,"-4,223","17,559","-3,818","-1,721","3,470",,"-25,124",2.24,0.90,,"44,037","11,440",,345,"55,822","16,711","9,281","63,252","122,943","136,800",1.00,1.02
PACE,22Apr2023,Mountain,N,"126,586","127,132","103,258","-23,874","47,374","29,195",,,"2,075","14,167","7,340","3,107",,"-3,282","10,148","-4,421","-1,445",149,,"-25,023",2.24,0.90,,"48,170","11,976",,178,"60,324","18,496","6,384","72,435","103,258","127,132",1.29,1.26
PACE,23Apr2023,Mountain,N,"124,186","121,955","101,629","-20,326","41,769","28,908",,,"2,070","13,823","11,929","3,130",,"-4,468","9,498","-3,627","-2,778","2,621",,"-21,572",2.23,0.90,,"42,332","11,797",,206,"54,335","17,692","6,265","65,763","101,629","121,955",1.18,1.19
PACE,24Apr2023,Mountain,N,"130,106","130,293","102,054","-28,239","37,210","28,871",,,"2,297","15,274","16,084","2,318",,"-6,401","3,446","-4,108",683,"-1,034",,"-20,825",2.24,0.90,,"37,786","11,810",,240,"49,836","15,395","2,449","62,782","102,054","130,293",1.08,1.06
PACE,25Apr2023,Mountain,N,"130,690","132,922","100,284","-32,638","42,526","22,216",,,"2,574","15,098","15,603","2,267",,"-6,188","6,169","-6,435","-2,783",915,,"-24,316",2.24,0.90,,"43,223","9,100",,237,"52,560","17,881","3,988","66,453","100,284","132,922",1.16,1.10
PACE,26Apr2023,Mountain,N,"129,411","126,798","102,550","-24,248","45,338","21,460",,,"2,765","18,100","12,404","2,483",,"-6,237","12,219","-4,868","-1,938",864,,"-24,288",2.24,0.90,,"46,075","8,785",,238,"55,098","17,885","6,924","66,059","102,550","126,798",1.18,1.15
PACE,27Apr2023,Mountain,N,"130,961","128,704","125,891","-2,813","40,384","18,963",,,"3,167","16,659","43,566","3,152",,"-2,782","18,463",871,"1,368",-893,,"-19,840",2.24,0.90,,"41,038","7,755",,443,"49,236","10,883","8,646","51,473","125,891","128,704",0.86,0.88
PACE,28Apr2023,Mountain,N,"127,896","126,842","105,139","-21,703","36,147","20,070",,,"3,461","18,557","24,029","2,875",,"-3,662","11,952","-2,080",-943,"-3,474",,"-23,496",2.25,0.90,,"36,815","8,235",,326,"45,376","13,895","4,961","54,310","105,139","126,842",0.95,0.94
PACE,29Apr2023,Mountain,N,"122,358","118,411","108,962","-9,449","34,484","22,710",,,"3,656","19,017","25,960","3,135",,"-1,432","10,155","-1,145",-713,"2,233",,"-18,547",2.24,0.91,,"35,047","9,337",,345,"44,729","10,863","5,242","50,350","108,962","118,411",0.90,0.94
PACE,30Apr2023,Mountain,N,"124,814","119,516","87,462","-32,054","28,573","25,657",,,"3,746","18,394","8,040","3,052",,"-2,864","-2,488","-3,176",491,"-3,625",,"-20,392",2.24,0.90,,"29,020","10,523",,221,"39,765","16,919",981,"55,703","87,462","119,516",1.00,1.03
PACE,01May2023,Mountain,N,"131,157","132,850","99,892","-32,958","31,019","26,539",,,"4,290","16,736","18,353","2,955",,"-2,369","-2,542","-3,814","-2,215","-5,293",,"-16,725",2.24,0.90,,"31,482","10,857",,282,"42,621","14,693","1,114","56,200","99,892","132,850",0.94,0.93
PACE,02May2023,Mountain,N,"134,624","130,816","110,896","-19,920","32,775","27,048",,,"4,224","16,026","27,751","3,072",,"-2,796","8,158","-2,777","-1,843","-2,887",,"-17,775",2.24,0.90,,"33,250","11,075",,340,"44,666","12,094","3,750","53,010","110,896","130,816",0.89,0.89
PACE,03May2023,Mountain,N,"133,907","128,283","99,337","-28,946","35,017","28,928",,,"4,382","12,931","15,013","3,027",,"-3,346",-794,"-2,178","-3,046","-4,244",,"-15,338",2.24,0.90,,"35,501","11,807",,235,"47,543","13,723","1,670","59,596","99,298","128,244",1.06,1.02
PACE,04May2023,Mountain,N,"129,241","124,898","99,965","-24,933","31,122","27,058",,,"4,734","12,307","21,517","3,227",,"-2,338","-4,298",715,"-1,214","-7,205",,"-10,593",2.24,0.90,,"31,568","11,073",,278,"42,919","10,445","1,101","52,263","99,965","124,898",0.95,0.92
PACE,05May2023,Mountain,N,"128,646","122,289","105,018","-17,271","34,564","26,543",,,"4,816","11,119","24,596","3,296",,"-2,247","-4,211",-93,"-1,523","-7,657",,"-1,540",2.23,0.90,,"35,017","10,846",,292,"46,155","5,200","1,557","49,797","104,934","122,205",0.97,0.90
PACE,06May2023,Mountain,N,"122,110","117,646","111,127","-6,519","29,504","25,879",,,"4,806","13,831","33,909","3,198",,"-1,440",-101,"-1,012",937,"-6,668",,"1,765",2.23,0.90,,"29,910","10,583",,371,"40,864","3,556","2,828","41,593","111,127","117,646",0.81,0.78
PACE,07May2023,Mountain,N,"122,250","116,159","106,064","-10,095","28,952","23,896",,,"4,806","15,351","29,865","3,194",,"-1,122","-4,669","-1,136",58,"-5,984",,"2,758",2.24,0.90,,"29,407","9,768",,354,"39,529","2,940","2,007","40,462","106,064","116,159",0.82,0.77
PACE,08May2023,Mountain,N,"130,993","124,290","103,104","-21,186","32,055","24,289",,,"4,793","18,135","20,785","3,106",,"-2,491","-4,257","-4,192","-3,126","-6,677",,-443,2.24,0.90,,"32,503","9,886",,312,"42,700","5,305",479,"47,525","103,163","124,349",0.91,0.84
PACE,09May2023,Mountain,N,"131,121","121,959","90,151","-31,808","25,832","24,925",,,"5,034","17,378","13,918","3,064",,"-4,654","-5,401","-3,829","-3,001","-5,636",,"-9,287",2.24,0.90,,"26,249","10,185",,262,"36,697","8,615",26,"45,285","90,151","121,959",0.90,0.82
PACE,10May2023,Mountain,N,"127,383","124,504","108,987","-15,517","29,032","28,875",,,"5,595","12,175","30,194","3,116",,"-5,760","3,644","-2,215",-849,"-3,911",,"-6,426",2.24,0.90,,"29,451","11,808",,340,"41,599","7,330","2,241","46,689","108,987","124,504",0.84,0.83
PACE,11May2023,Mountain,N,"127,260","124,721","109,211","-15,510","28,177","27,061",,,"5,651","16,716","28,452","3,154",,"-7,370","3,319","-1,321",-993,"-2,989",,"-6,156",2.24,0.90,,"28,631","11,062",,360,"40,052","7,304","2,175","45,181","109,211","124,721",0.81,0.80
PACE,12May2023,Mountain,N,"128,110","123,674","120,513","-3,161","27,491","26,540",,,"5,599","15,949","42,304","2,630",,"-1,926","2,399",238,344,"-4,812",,596,2.24,0.90,,"27,907","10,852",,443,"39,202","3,534","2,008","40,728","120,513","123,674",0.72,0.73
PACE,13May2023,Mountain,N,"120,784","117,701","108,050","-9,651","27,187","25,863",,,"5,633","12,770","33,998","2,599",,"-2,543",508,"2,099","-1,482","-5,177",,"-3,056",2.24,0.90,,"27,586","10,562",,366,"38,514","4,901","1,895","41,519","108,050","117,701",0.79,0.78
PACE,14May2023,Mountain,N,"121,090","115,646","95,915","-19,731","26,466","25,555",,,"5,640","10,772","24,296","3,186",,"-1,185","-5,006","1,154","-1,223","-7,059",,"-6,412",2.23,0.90,,"26,808","10,421",,292,"37,521","6,972","1,083","43,410","95,915","115,646",0.86,0.83
PACE,15May2023,Mountain,N,"132,820","128,548","110,750","-17,798","37,837","27,577",,,"5,660","16,267","20,304","3,105",,-266,"-2,102",187,492,"-5,457",,"-10,652",2.23,0.90,,"38,325","11,247",,302,"49,874","9,427","1,717","57,584","110,750","128,548",0.99,0.99
PACE,16May2023,Mountain,N,"132,766","131,062","113,015","-18,047","39,996","32,824",,,"5,727","13,678","17,729","3,061",,"-1,166",214,361,"1,302","-7,925",,"-10,833",2.23,0.90,,"40,495","13,381",,268,"54,144","9,323","1,860","61,607","113,015","131,062",1.06,1.04
PACE,17May2023,Mountain,N,"132,155","130,943","118,529","-12,414","45,112","36,306",,,"5,586","13,139","15,296","3,090",,"-1,516","3,690",952,"1,811","-6,237",,"-11,115",2.23,0.90,,"45,662","14,795",,247,"60,705","9,310","4,045","65,969","118,529","130,944",1.13,1.11
PACE,18May2023,Mountain,N,"130,359","129,996","104,605","-25,391","38,657","34,063",,,"5,600","14,940","8,239","3,106",,"-3,216",610,"-1,430",-643,"-8,707",,"-12,005",2.23,0.90,,"39,092","13,887",,212,"53,191","12,093","1,992","63,291","104,605","129,996",1.12,1.07
PACE,19May2023,Mountain,N,"129,378","129,812","94,767","-35,045","30,420","32,010",,,"5,844","16,505","6,845","3,143",,"-5,167","-3,236","-2,006","-1,373","-9,226",,"-14,037",2.23,0.90,,"30,831","13,086",,215,"44,133","13,759",501,"57,390","94,767","129,812",1.03,0.97
PACE,20May2023,Mountain,N,"125,302","125,846","88,948","-36,898","29,245","29,551",,,"5,812","15,323","5,918","3,099",,"-3,732","-11,455","-1,586","-1,497","-8,037",,"-10,591",2.23,0.90,,"29,549","12,064",,201,"41,814","10,522",559,"51,777","88,948","125,846",1.04,0.91
PACE,21May2023,Mountain,N,"128,600","128,039","92,044","-35,995","33,859","29,316",,,"5,769","15,304","4,740","3,056",,"-2,845","-14,516","-1,968",-196,"-8,946",,"-7,524",2.23,0.90,,"34,240","11,982",,192,"46,415","8,735",551,"54,599","92,044","128,039",1.11,0.94
PACE,22May2023,Mountain,N,"136,472","136,451","99,198","-37,253","35,449","29,508",,,"5,745","12,972","12,492","3,032",,"-3,083","-14,910",-345,55,"-9,245",,"-9,725",2.23,0.90,,"35,884","12,062",,228,"48,174","10,632","1,038","57,768","99,198","136,451",1.07,0.93
PACE,23May2023,Mountain,N,"135,598","132,824","97,212","-35,612","31,309","31,449",,,"5,691","13,560","12,153","3,050",,"-2,353","-12,643","-1,467",-591,"-10,739",,"-7,819",2.23,0.90,,"31,685","12,831",,230,"44,745","10,270",844,"54,171","97,212","132,824",1.01,0.90
PACE,24May2023,Mountain,N,"136,659","128,924","104,767","-24,157","37,153","32,415",,,"5,526","16,740","9,874","3,059",,"-1,634","-5,247",444,182,"-9,673",,"-8,229",2.23,0.90,,"37,539","13,225",,234,"50,999","9,866","2,191","58,674","104,767","128,924",1.07,1.00
PACE,25May2023,Mountain,N,"137,915","126,218","97,467","-28,751","33,956","29,963",,,"5,661","12,904","11,908","3,075",,"-3,057","-4,671",-823,"-1,269","-7,916",,"-11,015",2.23,0.90,,"34,323","12,245",,223,"46,792","11,709","1,886","56,615","97,467","126,218",1.06,0.99
PACE,26May2023,Mountain,N,"134,316","123,899","110,404","-13,495","34,313","28,722",,,"5,750","15,167","23,292","3,160",,"-2,600","4,673",-621,629,"-5,799",,"-9,777",2.23,0.90,,"34,767","11,759",,316,"46,842","8,507","3,571","51,777","110,404","123,899",0.94,0.92
PACE,27May2023,Mountain,N,"125,694","117,050","99,092","-17,958","35,394","26,424",,,"5,823","16,246","12,071","3,134",,"-1,502","-1,567",-751,924,"-6,458",,"-8,604",2.24,0.90,,"35,902","10,806",,248,"46,957","7,331","1,865","52,422","99,092","117,050",1.04,0.99
PACE,28May2023,Mountain,N,"127,675","116,099","110,222","-5,877","36,313","27,722",,,"5,863","17,177","20,052","3,095",,"1,187","-2,442","1,857","1,491","-6,336",,"-1,634",2.23,0.90,,"36,788","11,338",,308,"48,434","4,126","3,708","48,852","110,222","116,099",0.97,0.93
PACE,29May2023,Mountain,N,"133,509","123,052","118,221","-4,831","40,062","27,941",,,"5,917","16,628","24,612","3,061",,820,-384,844,737,"-6,570",,-278,2.23,0.90,,"40,527","11,404",,335,"52,266","4,445","3,601","53,110","118,221","123,052",0.97,0.95
PACE,30May2023,Mountain,N,"140,678","133,592","105,322","-28,270","39,585","28,365",,,"5,652","16,870","11,834","3,016",,"-2,660","-2,612",249,"-2,751","-7,685",,"-12,811",2.23,0.90,,"40,117","11,568",,249,"51,934","12,252","1,588","62,597","105,322","133,592",1.09,1.03
PACE,31May2023,Mountain,N,"131,301","132,383","103,300","-29,083","40,163","29,022",,,"5,638","13,724","11,718","3,035",,"-4,510",545,"-1,469","-2,663","-5,981",,"-15,005",2.23,0.90,,"40,707","11,852",,227,"52,787","13,061","1,294","64,554","103,300","132,383",1.13,1.08
PACE,01Jun2023,Mountain,N,"131,531","132,597","107,088","-25,509","43,708","28,443",,,"5,490","12,799","13,560","3,088",,"-4,442","4,206",-446,"-1,587","-4,022",,"-19,218",2.23,0.90,,"44,280","11,627",,233,"56,140","15,299","3,425","68,014","107,088","132,597",1.16,1.13
PACE,02Jun2023,Mountain,N,"129,556","128,751","104,212","-24,539","42,909","31,125",,,"5,466","10,387","11,169","3,156",,"-3,338",637,-584,-403,"-3,409",,"-17,442",2.23,0.90,,"43,476","12,707",,201,"56,384","13,800","1,746","68,437","104,212","128,751",1.19,1.17
PACE,03Jun2023,Mountain,N,"120,078","122,917","104,289","-18,628","43,105","31,007",,,"5,451","14,401","7,205","3,120",,"-3,227","7,025",-913,-553,"-2,321",,"-18,639",2.23,0.90,,"43,623","12,618",,201,"56,442","14,982","4,741","66,683","104,289","122,917",1.19,1.20
PACE,04Jun2023,Mountain,N,"123,178","122,797","116,000","-6,797","39,086","29,794",,,"5,455","16,284","22,274","3,107",,"-2,670","11,859",-891,254,"-1,403",,"-13,946",2.23,0.90,,"39,533","12,119",,314,"51,966","10,395","6,125","56,235","116,000","122,797",0.99,1.01
PACE,05Jun2023,Mountain,N,"135,954","137,413","137,077",-336,"56,735","34,114",,,"5,445","15,676","22,088","3,019",,"-2,769","16,277",681,646,711,,"-15,882",2.23,0.90,,"57,403","13,872",,308,"71,582","10,847","10,564","71,866","137,077","137,413",1.15,1.15
PACE,06Jun2023,Mountain,N,"139,684","140,347","135,299","-5,048","66,414","34,075",,,"5,431","17,020","9,392","2,967",,"-3,439","18,074","1,001",-487,352,,"-20,549",2.23,0.90,,"67,212","13,856",,232,"81,300","12,231","12,369","81,162","135,299","140,347",1.32,1.27
PACE,07Jun2023,Mountain,N,"140,232","137,045","136,311",-734,"70,194","33,089",,,"5,734","15,918","8,369","3,007",,"-5,544","22,316","3,057",-637,"2,443",,"-22,369",2.23,0.90,,"70,923","13,461",,220,"84,604","14,019","16,801","81,821","136,311","137,045",1.37,1.32
PACE,08Jun2023,Mountain,N,"138,613","133,559","125,313","-8,246","61,273","33,555",,,"5,692","15,838","5,954","3,001",,"-4,104","17,352","-1,206","-1,064",-537,,"-18,687",2.22,0.90,,"61,818","13,652",,203,"75,673","13,937","11,128","78,482","125,313","133,559",1.33,1.30
PACE,09Jun2023,Mountain,N,"137,291","135,169","125,180","-9,989","60,782","34,161",,,"5,595","14,673","6,898","3,071",,"-6,071","19,131",13,-937,825,,"-22,950",2.22,0.90,,"61,340","13,917",,201,"75,458","16,356","13,031","78,783","125,180","135,169",1.33,1.28
PACE,10Jun2023,Mountain,N,"128,172","130,743","116,004","-14,739","49,701","31,507",,,"5,439","14,876","11,382","3,099",,"-6,037","15,199",-712,"-1,474",-580,,"-21,135",2.23,0.90,,"50,172","12,854",,232,"63,257","15,525","8,996","69,787","116,004","130,743",1.20,1.18
PACE,11Jun2023,Mountain,N,"124,986","125,970","122,367","-3,603","44,195","29,959",,,"5,377","13,168","26,585","3,083",,"-5,711","20,354",-362,"-2,084","-1,567",,"-14,233",2.23,0.90,,"44,667","12,260",,321,"57,248","11,704","10,113","58,839","122,367","125,970",1.03,1.03
PACE,12Jun2023,Mountain,N,"132,196","131,838","126,850","-4,988","60,657","32,947",,,"5,364","12,619","12,119","3,144",,"-6,848","23,081","-1,428","-1,683","-1,213",,"-16,897",2.23,0.90,,"61,299","13,458",,221,"74,978","12,756","13,989","73,745","126,850","131,838",1.30,1.23
PACE,13Jun2023,Mountain,N,"132,111","130,688","111,120","-19,568","53,060","32,527",,,"5,371","13,304","3,761","3,111",,"-6,135","6,308",-113,"-1,095","-4,808",,"-13,725",2.23,0.90,,"53,576","13,263",,170,"67,010","13,571","5,291","75,289","111,134","130,702",1.33,1.27
PACE,14Jun2023,Mountain,N,"132,263","132,667","126,336","-6,331","37,696","30,602",,,"4,884","10,169","39,922","3,063",,"-2,107","1,296","2,277",-98,"-4,243",,"-3,456",2.23,0.90,,"38,082","12,457",,387,"50,926",,,,"126,336","132,667",0.89,
PACE,15Jun2023,Mountain,N,"131,224","129,712","115,222","-14,490","42,603","32,822",,,"4,886","8,861","22,908","3,142",,,,,,,,,2.23,0.90,,"43,112","13,401",,265,"56,779",,,,"115,222",,1.09,
PACE,16Jun2023,Mountain,N,"129,960",,,,,,,,,,,,,,,,,,,,,,,,,,,,,,,,,,
